1336
0.756765 0.72472 1.29416 0.058946
0.691612 0.674488 1.32537 0.0655594
0.6937 0.833794 1.2739 0.0582275
0.613702 0.757676 1.3178 0.0581097
0.538355 0.799077 1.30969 0.0557905
0.769459 0.816907 1.25814 0.058946
0.831921 0.853584 1.21637 0.0655548
0.84732 0.766563 1.24666 0.058946
0.769094 0.655697 1.30699 0.0563521
0.83675 0.606329 1.28969 0.0611689
0.600302 0.978009 1.21389 0.065713
0.65038 0.887601 1.2575 0.0569186
0.530467 0.975887 1.22117 0.0647756
0.579441 0.896675 1.2642 0.0632104
0.516771 0.866427 1.28269 0.0632624
0.518155 1.04646 1.17032 0.0688867
0.613174 1.03779 1.16723 0.0685007
0.757008 0.887948 1.22853 0.0598344
0.688099 0.944505 1.21781 0.0685007
0.928075 0.600165 1.24515 0.0697246
0.894738 0.663529 1.2513 0.0558499
0.982152 0.67642 1.19606 0.0697246
0.970453 0.518403 1.22544 0.060982
0.924574 0.722956 1.21944 0.060562
0.904806 0.795606 1.20422 0.0655548
1.02279 0.552355 1.18603 0.0697246
1.07184 0.512795 1.14832 0.0697038
0.880062 0.531525 1.27549 0.0578946
0.591143 0.600675 1.3544 0.0645104
0.532944 0.639619 1.3521 0.0654495
0.609116 0.670457 1.34112 0.0655594
0.663895 0.558388 1.34709 0.0655594
0.533744 0.72082 1.33471 0.0669418
0.739183 0.573944 1.32785 0.0622567
0.818133 0.507349 1.30448 0.0634373
0.520679 0.569133 1.36161 0.0607686
0.592304 0.510165 1.36025 0.0566765
0.911383 0.903397 1.14493 0.0655548
0.968645 0.825315 1.15072 0.0621046
0.830872 0.956768 1.15543 0.0651767
0.835349 1.0157 1.10838 0.0666255
0.891754 0.966252 1.11382 0.0613991
1.04693 0.791213 1.10328 0.0659778
0.731133 1.01024 1.15902 0.0685007
0.667084 1.08066 1.11801 0.0617738
0.586789 1.09286 1.12356 0.0694124
0.74896 1.05989 1.10941 0.0666255
0.980981 0.945424 1.06484 0.0613991
0.9011 1.03168 1.05186 0.0613991
0.993659 0.998427 1.00675 0.064632
1.03927 0.875826 1.06197 0.060283
1.00298 0.739209 1.16222 0.0608387
1.06647 0.679996 1.12769 0.0595574
1.04782 0.618998 1.1584 0.0663705
1.10584 0.588401 1.11137 0.0557249
0.905846 0.304063 1.23784 0.0592177
0.852625 0.338291 1.27241 0.0677514
0.937071 0.227411 1.19557 0.0643876
0.849581 0.422056 1.28708 0.0696978
0.91144 0.401542 1.25423 0.0551399
0.988941 0.282683 1.17904 0.0597174
0.977712 0.356381 1.20711 0.0551399
1.03354 0.245865 1.13133 0.068409
0.841053 0.258436 1.25657 0.0679133
1.03882 0.423608 1.17273 0.0679728
1.09104 0.381813 1.12018 0.0697038
1.04485 0.338151 1.152 0.068409
0.95233 0.148066 1.14725 0.0656323
0.987105 0.108606 1.09872 0.0652128
1.01775 0.176363 1.11258 0.0643876
1.07996 0.225841 1.08115 0.0676174
0.977113 0.0305622 1.04711 0.069424
0.857112 0.181129 1.22058 0.0656323
0.72099 0.411546 1.3314 0.0696978
0.775934 0.361499 1.30782 0.0696479
0.752482 0.490093 1.32786 0.0696978
0.738009 0.269909 1.29884 0.0679133
0.689634 0.32552 1.32515 0.064554
0.64253 0.433576 1.3508 0.0607532
0.342286 0.900843 1.25008 0.062527
0.244318 0.938542 1.20033 0.0687536
0.33944 0.830679 1.28264 0.0643152
0.233578 1.01558 1.14244 0.0687536
0.299559 0.98928 1.18428 0.0638519
0.426875 0.85199 1.28657 0.0621844
0.256495 0.850219 1.25191 0.0618723
0.428822 1.02402 1.18443 0.0647756
0.372759 1.05778 1.14876 0.0638519
0.312644 1.08233 1.11143 0.0613381
0.454607 1.07741 1.1417 0.0694124
0.457976 0.927409 1.25034 0.0647756
0.411225 0.68635 1.33962 0.0669418
0.367821 0.74799 1.318 0.0643152
0.455036 0.780226 1.31651 0.0656454
0.451305 0.624456 1.35412 0.0669418
0.314681 0.689656 1.32286 0.0611081
0.252866 0.752336 1.28901 0.0643152
0.131203 0.960086 1.13214 0.0687536
0.120718 1.02279 1.07479 0.0675907
0.231453 1.07552 1.08789 0.0675907
0.163417 0.893651 1.19249 0.0669616
0.198977 0.809499 1.24901 0.0601735
0.0533451 0.976119 1.06733 0.059421
0.288513 0.253672 1.30089 0.0632644
0.203464 0.265472 1.27695 0.0627227
0.253235 0.316342 1.30847 0.0560282
0.18724 0.400977 1.29985 0.0638921
0.159076 0.335477 1.27766 0.0560282
0.40894 0.223121 1.3143 0.0632644
0.336535 0.306771 1.32689 0.0645516
0.481099 0.179443 1.30294 0.0689358
0.352446 0.179659 1.28874 0.0632396
0.219929 0.183204 1.25385 0.0637534
0.385966 0.397233 1.35065 0.0645516
0.350763 0.472902 1.35095 0.0631087
0.451998 0.360247 1.35129 0.0647822
0.257926 0.477793 1.32991 0.0638921
0.270056 0.393979 1.32655 0.0645516
0.441194 0.471285 1.36172 0.0647822
0.488442 0.254744 1.32968 0.0618808
0.407133 0.301136 1.33649 0.0572316
0.402744 0.0673644 1.24282 0.0600438
0.319958 0.0769809 1.23349 0.0632396
0.458369 0.0248196 1.2208 0.0654185
0.349912 0.0167582 1.20067 0.0690334
0.476224 0.100488 1.2665 0.0672987
0.421098 -0.0475378 1.16476 0.0690334
0.495364 -0.0524711 1.16638 0.0654185
0.245014 0.114249 1.23037 0.0665749
0.0532752 0.402162 1.2339 0.0549854
0.0193376 0.491552 1.21976 0.0611208
0.0956303 0.335069 1.24603 0.0539094
0.00718254 0.343498 1.19309 0.0601696
0.102048 0.472186 1.267 0.0635812
0.117801 0.252712 1.23476 0.0648504
0.136268 0.159988 1.20741 0.0665749
0.0409022 0.275572 1.1968 0.0608902
-0.0125642 0.416643 1.19156 0.0596486
-0.103118 0.492641 1.12031 0.066624
0.666884 0.0933963 1.24453 0.0630292
0.647314 0.0333815 1.21381 0.0687611
0.652375 0.155272 1.27807 0.0636577
0.747434 0.072927 1.20971 0.0687611
0.581229 0.0991665 1.26275 0.0689358
0.769867 0.142023 1.24007 0.0636538
0.745522 -0.0208913 1.14581 0.0687611
0.757723 -0.0718294 1.09585 0.0643213
0.606122 0.288799 1.33157 0.0670801
0.529162 0.325287 1.34656 0.0613564
0.56907 0.207904 1.3112 0.0689358
0.543414 0.421466 1.36057 0.0647822
0.600413 0.36951 1.34877 0.0607532
0.694799 0.214492 1.29288 0.0670801
0.871161 0.0273534 1.12183 0.0633377
0.839993 0.115856 1.19619 0.0656323
0.782319 0.207457 1.26402 0.058491
0.918937 -0.0135505 1.05512 0.0675258
0.825137 -0.0424018 1.08994 0.0609477
0.581619 -0.00235888 1.19895 0.0653767
0.597719 -0.0738348 1.13897 0.0624983
0.540421 0.0484563 1.23603 0.0654185
0.670381 -0.053911 1.14156 0.0664119
0.108453 0.0763561 1.14464 0.065619
0.0617758 0.147416 1.15602 0.0607387
0.172674 0.0586579 1.16824 0.0665749
0.151206 0.0084665 1.11986 0.0645979
0.205738 -0.0576328 1.0912 0.0683638
-0.00516409 0.158852 1.11342 0.0593675
-0.0605921 0.225149 1.09905 0.0649908
0.285698 -0.0449798 1.13745 0.0688466
0.269754 0.0217522 1.18264 0.0621308
0.452754 -0.1016 1.11951 0.0648824
0.0323955 0.0378514 1.06239 0.065619
0.0880083 -0.0164892 1.0578 0.0683638
-0.0316788 0.0869439 1.04291 0.06286
-0.0423677 0.303041 1.14436 0.0649908
0.0340608 0.211744 1.16884 0.0649908
-0.0812347 0.393558 1.13081 0.0601696
0.0533824 0.701282 1.21313 0.0587779
0.114515 0.66646 1.25642 0.0542197
0.134104 0.753868 1.24168 0.0561802
0.186443 0.649365 1.29285 0.0602283
0.137575 0.59163 1.27934 0.0635812
0.16886 0.5183 1.29928 0.0638921
-0.0238839 0.714868 1.15426 0.0587779
0.0443242 0.770418 1.18389 0.0561802
0.327236 0.576044 1.34442 0.0631087
0.255679 0.634039 1.31896 0.0628717
0.409338 0.548131 1.3587 0.0607686
0.226393 0.561384 1.31798 0.0623911
-0.0346041 0.626104 1.16867 0.0583689
-0.00649615 0.553266 1.19865 0.0536926
-0.087872 0.616949 1.12324 0.0681871
0.0705687 0.579151 1.24638 0.0635812
-0.0633638 0.55263 1.15403 0.0659109
-0.0792293 0.692897 1.11275 0.0662132
0.0596183 0.850679 1.1565 0.0623691
-0.0282578 0.866685 1.07783 0.0660571
-0.056464 0.786217 1.09654 0.0665029
0.0677227 0.914063 1.12375 0.0623691
0.00847545 0.990853 1.01555 0.0649819
-0.301202 0.293989 0.750719 0.0656617
-0.282462 0.207269 0.720022 0.0627783
-0.271694 0.31504 0.845772 0.0584861
-0.294513 0.17685 0.608643 0.0630083
-0.308076 0.195871 0.534237 0.0605286
-0.317194 0.2543 0.637168 0.065378
-0.308271 0.38784 0.784244 0.0651921
-0.267163 0.222567 0.786842 0.0637078
-0.230742 0.18109 0.83307 0.0637078
-0.349226 0.370345 0.596606 0.0689302
-0.335295 0.346317 0.663533 0.0689302
-0.349368 0.480858 0.662433 0.0689302
-0.334022 0.278606 0.5438 0.065378
-0.361733 0.492497 0.579825 0.0670984
-0.35331 0.360502 0.509 0.0641923
-0.362605 0.432546 0.502172 0.0655301
-0.331358 0.416848 0.723475 0.0680108
-0.332452 0.490793 0.734728 0.0543296
-0.235891 0.40233 0.943595 0.0559371
-0.194442 0.317179 0.982638 0.0606411
-0.264588 0.490737 0.905334 0.0586645
-0.285559 0.43874 0.855554 0.0559371
-0.197129 0.409977 1.00472 0.0618137
-0.156976 0.458072 1.06032 0.0653659
-0.215029 0.250334 0.917047 0.0580787
-0.219918 0.0386602 0.624716 0.0664506
-0.220907 0.0206016 0.503565 0.0664506
-0.243761 0.0913734 0.665265 0.0630083
-0.267454 0.106359 0.553099 0.0660506
-0.233845 0.111638 0.739631 0.0637078
-0.197038 0.0471732 0.736757 0.060842
-0.168998 -0.0408022 0.591635 0.0664506
-0.14299 -0.077943 0.509573 0.0643187
-0.238223 0.668148 0.917051 0.0690969
-0.282499 0.660036 0.831246 0.0690969
-0.215298 0.741147 0.921021 0.0683975
-0.276018 0.587579 0.870653 0.057907
-0.252588 0.770185 0.828716 0.0690969
-0.160665 0.719272 1.01306 0.0651674
-0.200085 0.661748 0.98105 0.0593093
-0.173672 0.774855 0.967716 0.0553066
-0.331692 0.580302 0.723987 0.0543296
-0.340708 0.618552 0.664167 0.0641372
-0.314936 0.542125 0.785195 0.0534869
-0.35897 0.570799 0.580333 0.0633687
-0.315457 0.664298 0.737127 0.0660538
-0.291157 0.732243 0.759858 0.0694082
-0.132593 0.835625 0.9858 0.0584493
-0.138613 0.897475 0.926908 0.0652182
-0.0772891 0.885475 1.01558 0.0665029
-0.209434 0.842393 0.858117 0.0652182
-0.0818799 0.947744 0.958604 0.0695159
-0.119096 0.778839 1.03549 0.0665029
-0.178801 0.586397 1.02865 0.0681871
-0.217656 0.539802 0.981687 0.0653659
-0.143298 0.659864 1.0551 0.0675778
-0.1546 0.528791 1.06412 0.0681871
-0.140109 0.116974 0.938697 0.0603122
-0.152747 0.0483383 0.842357 0.0683747
-0.121819 0.172351 1.003 0.0647394
-0.112865 0.0428221 0.904019 0.0692494
-0.114242 -0.0346286 0.793027 0.0699607
-0.145376 0.307138 1.04256 0.0618137
-0.163785 0.23623 0.988452 0.0524425
-0.182028 0.188771 0.931054 0.0580787
-0.132058 0.388104 1.07879 0.0618137
-0.119226 0.23872 1.04425 0.0531489
-0.0730942 0.0655094 0.980634 0.0647394
-0.060181 -0.0189957 0.906188 0.0692494
-0.00909836 -0.0050736 0.984257 0.0628672
-0.145164 -0.0477586 0.679724 0.0580447
-0.11416 -0.0947746 0.633841 0.0643109
-0.2455 0.096263 0.330376 0.0588522
-0.206901 0.0576604 0.270729 0.0638501
-0.256912 0.160976 0.256692 0.0638501
-0.282237 0.171062 0.334341 0.0574079
-0.262184 0.097935 0.418871 0.0651002
-0.294627 0.167661 0.41822 0.0605286
-0.160626 -0.00671888 0.267219 0.062829
-0.210755 0.0298439 0.349171 0.063555
-0.091243 -0.0758773 0.239656 0.0579945
-0.336644 0.296831 0.419615 0.0641923
-0.313179 0.232612 0.37953 0.0563684
-0.304275 0.2547 0.298398 0.0696084
-0.333329 0.332479 0.340769 0.069455
-0.325275 0.243764 0.464279 0.0641923
-0.177229 -0.0292884 0.405964 0.063555
-0.127554 -0.0834913 0.385338 0.0638768
-0.280968 0.129401 0.485528 0.0651002
-0.131359 -0.0616667 0.317548 0.063555
-0.140256 0.0283083 0.160114 0.0621718
-0.1407 0.0739281 0.105093 0.066969
-0.0868844 -0.00620103 0.116637 0.0614529
-0.219812 0.140593 0.182225 0.066969
-0.00714641 -0.0048836 0.0132059 0.0574514
-0.286177 0.757176 0.24761 0.0543591
-0.30622 0.679629 0.240651 0.0682519
-0.27648 0.832054 0.313163 0.0543591
-0.307927 0.608458 0.213237 0.068947
-0.330767 0.671948 0.326484 0.0695317
-0.27889 0.665636 0.162721 0.0653857
-0.248096 0.805513 0.194565 0.0570974
-0.300467 0.798771 0.372221 0.067276
-0.325994 0.721793 0.377094 0.0680923
-0.295224 0.834902 0.443797 0.0664114
-0.220489 0.606392 0.0342977 0.0599913
-0.241536 0.679848 0.0924052 0.0653857
-0.21942 0.50609 0.0185196 0.0691524
-0.259688 0.562129 0.0918672 0.0653857
-0.284515 0.504205 0.136082 0.0634587
-0.179791 0.566505 -0.0294126 0.0638721
-0.140148 0.505031 -0.0813861 0.0691524
-0.178776 0.64941 -0.0138546 0.0594109
-0.224995 0.766427 0.111066 0.0577118
-0.210618 0.841982 0.143758 0.0591978
-0.23254 0.941184 0.375354 0.0624787
-0.2199 0.974126 0.4367 0.0679039
-0.202318 0.929314 0.2314 0.056724
-0.234301 0.913099 0.304359 0.0578629
-0.179192 1.03417 0.473338 0.06666
-0.182072 1.00239 0.321683 0.0679039
-0.260865 0.907468 0.450631 0.0570286
-0.351545 0.587518 0.376706 0.0695317
-0.351491 0.6401 0.456833 0.0680923
-0.328995 0.556148 0.261542 0.0695317
-0.346163 0.518161 0.321785 0.0643558
-0.328647 0.750124 0.492405 0.0680923
-0.360172 0.562185 0.443524 0.0618076
-0.153207 0.893783 0.0909348 0.0581874
-0.145643 0.956066 0.149207 0.056724
-0.121185 0.828635 -0.00318315 0.0683063
-0.125815 1.01588 0.199061 0.0550547
-0.10656 0.941868 0.0685142 0.0611826
-0.149497 0.738606 -0.0192606 0.0683336
-0.121048 0.652382 -0.0823119 0.067903
-0.179808 0.829846 0.0776215 0.0683336
-0.0519244 0.938035 -0.00041482 0.0632264
-0.0720523 0.828869 -0.0604055 0.0632264
-0.0269223 1.01821 0.0495712 0.0611826
-0.0873221 1.0182 0.133006 0.0611826
-0.112088 1.09244 0.350302 0.0646461
-0.115161 1.06469 0.275233 0.0616777
-0.150049 1.06391 0.40571 0.0679039
-0.111945 1.11187 0.483017 0.0608037
-0.241377 0.903477 0.687043 0.0563787
-0.280017 0.837296 0.658827 0.067022
-0.215275 0.96401 0.64764 0.0643358
-0.266673 0.890274 0.589064 0.0626881
-0.292779 0.843969 0.52906 0.0599539
-0.163375 0.998437 0.742358 0.0633231
-0.241717 0.859062 0.763214 0.0593669
-0.16862 1.04012 0.598149 0.06666
-0.206082 0.997797 0.533345 0.0643358
-0.127472 1.06425 0.6883 0.0603067
-0.144777 0.951726 0.85706 0.0695159
-0.0608554 1.03667 0.881984 0.0695159
-0.113061 1.01652 0.82485 0.0626653
-0.0326565 1.00538 0.957025 0.0653216
-0.192068 0.915227 0.810327 0.0646634
-0.324788 0.724996 0.634509 0.0694082
-0.345678 0.672744 0.556145 0.0665611
-0.309476 0.787857 0.595977 0.0665611
-0.364266 0.529711 0.508454 0.0641021
-0.223159 0.30615 0.0676799 0.0690436
-0.276266 0.343396 0.153364 0.0664366
-0.149697 0.242796 -0.0100553 0.0661551
-0.266721 0.423654 0.106351 0.0673762
-0.262284 0.262488 0.168959 0.068352
-0.205389 0.230341 0.0785485 0.064064
-0.172849 0.410315 -0.0360562 0.0691524
-0.216221 0.408385 0.023067 0.0690436
-0.155623 0.322016 -0.0360527 0.0690436
-0.102808 0.282048 -0.0806015 0.0635523
-0.110577 0.362812 -0.097841 0.0649949
-0.123598 0.436907 -0.0963653 0.0640332
-0.338376 0.426998 0.300289 0.0666186
-0.305918 0.359395 0.21922 0.0696084
-0.321775 0.479433 0.231459 0.0649885
-0.3597 0.440682 0.420875 0.0641021
-0.126155 0.156504 0.011441 0.0660453
-0.0621296 0.120872 -0.0372465 0.063065
-0.166158 0.149472 0.0731626 0.066969
-0.0835249 0.186162 -0.0560084 0.0639115
-0.0804775 0.0507607 0.0410837 0.0660453
0.241452 -0.293639 0.724778 0.0667276
0.323372 -0.311211 0.743356 0.0624682
0.160327 -0.272408 0.690877 0.0656475
0.302403 -0.273751 0.831369 0.0667276
0.194823 -0.299223 0.620713 0.0661003
0.275656 -0.321474 0.645873 0.0627101
0.196708 -0.246245 0.812189 0.0667276
0.364489 -0.298205 0.801611 0.0567459
0.397856 -0.324704 0.739512 0.0592639
0.455745 -0.297325 0.831303 0.0598298
0.0195803 -0.212605 0.599048 0.0612015
0.0871945 -0.249629 0.622806 0.0631623
0.0574222 -0.221073 0.681106 0.0620394
0.0963317 -0.26551 0.507788 0.0631623
0.16459 -0.297115 0.521512 0.0661003
-0.0427349 -0.173577 0.513425 0.0610475
-0.0322989 -0.169598 0.622933 0.06399
0.116861 -0.231337 0.756423 0.0647773
0.403284 -0.24749 0.92533 0.0597932
0.330962 -0.233948 0.926149 0.05736
0.33227 -0.190089 0.993927 0.0581947
0.431221 -0.2125 0.985302 0.0662544
0.257585 -0.235214 0.884218 0.0566198
0.19188 -0.205586 0.892365 0.0645335
0.260979 -0.19996 0.947285 0.0657663
0.39567 -0.163402 1.04493 0.0648824
0.489234 -0.148549 1.07173 0.0636077
0.483042 -0.267263 0.898889 0.0664444
0.369768 -0.349859 0.591809 0.0627101
0.334937 -0.349674 0.505723 0.0684481
0.351687 -0.335762 0.665889 0.0599806
0.461651 -0.348835 0.659305 0.0599806
0.276149 -0.333533 0.541248 0.0661003
0.479487 -0.329923 0.742388 0.0629179
0.447504 -0.359395 0.581756 0.0570853
0.443563 -0.362766 0.509907 0.0697215
0.0756598 -0.14315 0.893001 0.0683298
0.146699 -0.142608 0.958835 0.0657663
0.117282 -0.194375 0.846309 0.0641082
-0.00846555 -0.120562 0.82193 0.0699607
0.159921 -0.105005 1.01702 0.0683638
-0.0283128 -0.152898 0.704413 0.06399
0.0262102 -0.175469 0.760162 0.0618474
-0.085841 -0.132907 0.559073 0.0643187
-0.0800862 -0.095572 0.738173 0.0698427
0.032955 -0.0606403 0.965092 0.0683298
-0.0272149 -0.073524 0.873968 0.0699607
0.257257 -0.157046 1.00791 0.065934
0.325377 -0.134309 1.06138 0.0578082
0.70378 -0.217923 0.937202 0.0549804
0.67757 -0.263606 0.864255 0.0635455
0.599154 -0.27064 0.879015 0.0590896
0.620053 -0.296054 0.817051 0.0663353
0.545138 -0.297117 0.832811 0.0663353
0.716659 -0.167266 1.0053 0.0641052
0.652564 -0.199237 0.985441 0.061106
0.772252 -0.222233 0.889958 0.0635455
0.77657 -0.263861 0.797516 0.0635455
0.57272 -0.201064 1.00124 0.0636077
0.599473 -0.143099 1.06895 0.0636077
0.866697 -0.118393 0.980998 0.0545651
0.794386 -0.178415 0.948654 0.0584887
0.864343 -0.162917 0.91987 0.0574042
0.804157 -0.114169 1.02697 0.0643213
0.933664 -0.0748511 0.978718 0.069424
0.835256 -0.218618 0.847272 0.0574042
0.619702 -0.330997 0.706584 0.0659228
0.548315 -0.33559 0.716842 0.0663353
0.706258 -0.288953 0.789862 0.0659228
0.70047 -0.313572 0.716811 0.0658553
0.572346 -0.350527 0.64241 0.0588814
0.528615 -0.361242 0.576752 0.0697031
0.0960269 -0.239508 0.306496 0.0689575
0.0555458 -0.196098 0.24187 0.0661251
-0.0439393 -0.136429 0.283353 0.0585116
0.0183117 -0.196166 0.324657 0.0585116
0.141099 -0.283169 0.425496 0.0689575
0.181058 -0.292832 0.363406 0.0674077
0.153176 -0.248731 0.241841 0.0671175
-0.00998876 -0.194508 0.426734 0.0610475
-0.0532695 -0.154624 0.384027 0.0580249
-0.098126 -0.122272 0.441997 0.0631147
0.0456137 -0.226774 0.385964 0.0689575
0.282147 -0.33102 0.402338 0.0684481
0.34677 -0.341063 0.366081 0.0669425
0.238444 -0.32339 0.46339 0.0619373
0.405829 -0.357127 0.429642 0.0684481
0.225219 -0.293993 0.294685 0.0662519
0.302456 -0.31914 0.30541 0.0637212
0.0161369 -0.127391 0.152769 0.0661251
-0.0440617 -0.089558 0.177048 0.0614529
-0.00176805 -0.147196 0.220921 0.0614124
0.115258 -0.196898 0.162309 0.0661251
0.101007 -0.157426 0.102643 0.0653103
0.0109653 -0.0854683 0.0924073 0.0653103
0.709379 -0.304875 0.265566 0.0566352
0.687167 -0.281704 0.181682 0.0660962
0.778776 -0.278821 0.247488 0.0642121
0.616987 -0.306011 0.211679 0.0628287
0.646691 -0.326618 0.295323 0.0641417
0.779424 -0.31099 0.393848 0.0572169
0.707956 -0.325479 0.351758 0.066404
0.817373 -0.303607 0.472981 0.0579466
0.83378 -0.280591 0.336235 0.0575515
0.809058 -0.244963 0.19044 0.0660962
0.59428 -0.353119 0.393954 0.066404
0.535864 -0.348617 0.338399 0.0632273
0.642839 -0.351352 0.462096 0.0653885
0.529183 -0.332465 0.269407 0.0647194
0.509136 -0.303125 0.178332 0.0617348
0.547813 -0.361123 0.448225 0.0697215
0.722834 -0.335616 0.494504 0.0579466
0.945373 -0.23525 0.404944 0.0609892
0.906443 -0.246674 0.344134 0.0636793
0.989369 -0.197473 0.353986 0.0689893
0.86888 -0.277982 0.421095 0.0586374
0.9635 -0.230356 0.494607 0.0595239
1.03271 -0.17905 0.456859 0.0613847
1.10361 -0.120052 0.495721 0.0571288
0.918042 -0.215137 0.25237 0.0689893
0.888866 -0.204424 0.184756 0.0636528
0.628716 -0.2316 0.0584859 0.0642839
0.522188 -0.225561 0.0301716 0.0670908
0.663923 -0.189871 0.0045672 0.0641891
0.521931 -0.269148 0.105592 0.063306
0.731251 -0.235559 0.109882 0.0660962
0.591253 -0.153834 -0.0603781 0.0652164
0.500751 -0.153887 -0.0665174 0.0670908
0.926538 -0.224281 0.702804 0.0545338
0.898095 -0.255121 0.643525 0.0678498
0.896665 -0.265676 0.573504 0.0678498
0.845402 -0.251782 0.750564 0.0545338
0.901251 -0.214271 0.77687 0.0536463
0.984667 -0.176135 0.734703 0.0680179
0.97955 -0.205334 0.645372 0.0634924
1.0481 -0.12075 0.747909 0.0698688
0.734072 -0.327942 0.591254 0.0658231
0.786404 -0.303931 0.641437 0.0678498
0.662714 -0.338828 0.634692 0.0656206
0.803516 -0.308032 0.553444 0.0675911
0.582198 -0.361319 0.518186 0.0697215
0.659147 -0.349632 0.533645 0.0549145
0.775453 -0.289549 0.721124 0.0573809
0.966765 -0.133537 0.85793 0.0698688
1.02439 -0.0795083 0.869466 0.0679812
0.996062 -0.0517648 0.944088 0.069424
1.06858 -0.0750273 0.807945 0.0698688
1.03891 -0.165728 0.624395 0.0680179
0.991617 -0.208951 0.566925 0.0634924
1.09001 -0.117642 0.637282 0.0677654
1.05314 -0.164807 0.523739 0.0575406
0.935479 -0.137962 0.110662 0.0682504
0.864232 -0.141565 0.0483524 0.0614215
0.848008 -0.19545 0.120833 0.0647647
1.00905 -0.123377 0.184558 0.0697449
1.06702 -0.0920856 0.223857 0.0639437
0.820764 -0.117632 -0.0131248 0.0642711
1.04119 -0.146129 0.306138 0.068548
0.969942 -0.170317 0.221736 0.0689893
1.07575 -0.136223 0.3941 0.0613847
0.95243 -0.0692014 0.0319878 0.0614215
1.00863 -0.0548982 0.0752352 0.0697449
0.90649 -0.0579958 -0.0209428 0.0682004
0.716659 -0.141042 -0.0393655 0.0652164
0.793825 -0.191752 0.0714445 0.0634463
0.717308 -0.093237 -0.0914253 0.0588073
0.537993 -0.112503 -0.110027 0.0567078
0.295654 -0.243369 0.107391 0.0683548
0.356379 -0.285993 0.168429 0.0681051
0.357008 -0.222351 0.046172 0.068448
0.275001 -0.274953 0.188616 0.0627432
0.22361 -0.195177 0.0645629 0.0657449
0.426793 -0.273846 0.120764 0.0683548
0.26738 -0.152505 -0.0178662 0.0660428
0.38621 -0.326083 0.269751 0.0589996
0.444896 -0.345094 0.32458 0.0647194
0.479111 -0.36166 0.426188 0.060909
0.429689 -0.312987 0.213243 0.0647194
0.417408 -0.193029 -0.010169 0.0670908
0.369615 -0.146262 -0.0599912 0.068448
0.434522 -0.124859 -0.094835 0.05839
0.25442 -0.0969949 -0.0756765 0.0659592
0.114249 -0.112696 0.0261604 0.0653103
0.123004 -0.0623121 -0.0385473 0.0651874
0.208243 -0.22783 0.13387 0.0656478
0.193109 -0.108532 -0.031771 0.0658897
0.0546483 -0.0631574 0.0180057 0.0633939
1.29236 0.723555 0.764259 0.065773
1.29461 0.782817 0.690167 0.0681194
1.32256 0.683247 0.693534 0.0671252
1.29708 0.820856 0.597674 0.0681194
1.31637 0.756836 0.624212 0.0549692
1.3193 0.588442 0.764411 0.0671252
1.29279 0.584967 0.836528 0.0670785
1.289 0.655243 0.816141 0.0671252
1.24514 0.782618 0.835556 0.0641311
1.26062 0.832319 0.740439 0.0661793
1.22149 0.850247 0.823313 0.0673522
1.34508 0.613888 0.640003 0.0640475
1.35344 0.62036 0.56304 0.0659798
1.34963 0.503978 0.665975 0.0640475
1.32944 0.740381 0.538942 0.0616528
1.36175 0.510014 0.576902 0.0640475
1.36414 0.537198 0.50116 0.0657615
1.33937 0.570562 0.694764 0.0624065
1.31645 0.508702 0.784499 0.063734
1.21854 0.602756 0.969862 0.0679701
1.24371 0.65741 0.911592 0.0679701
1.22943 0.532816 0.962439 0.0618941
1.18522 0.680315 0.997462 0.0646779
1.2709 0.528807 0.889943 0.0679701
1.16829 0.572639 1.04362 0.0646779
1.1261 0.506659 1.09678 0.0697038
1.21447 0.754695 0.91513 0.0641311
1.24457 0.931344 0.592049 0.0655067
1.21758 0.980108 0.543505 0.0620765
1.248 0.902582 0.65943 0.0681194
1.19344 0.985647 0.678 0.0655067
1.25322 0.923953 0.521091 0.0538672
1.28846 0.852446 0.533306 0.0616885
1.20905 0.924678 0.755388 0.069766
1.17877 1.02925 0.581279 0.0655067
1.16073 1.05821 0.511966 0.0531524
1.24542 0.321243 0.899977 0.0599126
1.20418 0.252943 0.936846 0.0627444
1.27425 0.413953 0.87486 0.0634128
1.24806 0.245663 0.851117 0.0689142
1.289 0.335739 0.814325 0.0573028
1.14253 0.234175 1.01574 0.0625689
1.17072 0.315929 1.01374 0.0571516
1.34107 0.419154 0.684376 0.062006
1.30473 0.438545 0.811891 0.063734
1.35233 0.407744 0.611374 0.0612227
1.3096 0.313551 0.739546 0.062006
1.2829 0.26661 0.784439 0.0599109
1.12924 0.160082 0.987085 0.0653411
1.17807 0.182247 0.93344 0.0660088
1.14318 0.116159 0.93182 0.0609197
1.08284 0.108263 1.00487 0.059608
1.04755 0.0466433 0.992298 0.0686178
1.1836 0.401552 1.01981 0.0651421
1.24232 0.458679 0.940932 0.0651421
1.1237 0.327709 1.07318 0.068409
1.14963 0.444704 1.06807 0.0666073
1.13198 0.918356 0.915086 0.0652666
1.14952 0.95854 0.84015 0.069766
1.17919 0.864929 0.890947 0.0659062
1.10019 0.852917 1.01487 0.0667049
1.11553 1.01948 0.815393 0.0654534
1.16581 0.7513 0.992712 0.0667049
1.11879 0.657096 1.0831 0.0646779
1.10968 0.738813 1.06407 0.0667049
1.0675 0.980865 0.941898 0.0646404
1.05573 0.938169 0.99647 0.0652666
1.08338 1.01453 0.877871 0.0583652
1.14334 1.02865 0.734988 0.069766
1.10862 1.09917 0.640017 0.0680933
1.15529 1.042 0.660109 0.064442
1.11427 1.10717 0.553002 0.0618975
1.21276 0.947956 0.300324 0.065052
1.27188 0.85678 0.34441 0.063035
1.27493 0.812803 0.276889 0.0656632
1.24338 0.876642 0.267128 0.0587027
1.26207 0.897439 0.401073 0.065052
1.16592 1.00769 0.284525 0.062906
1.3296 0.721898 0.398592 0.0578687
1.34799 0.672113 0.487021 0.0659798
1.30984 0.726958 0.297076 0.0656632
1.33322 0.667535 0.340261 0.0525269
1.35879 0.584413 0.436791 0.0659798
1.30274 0.798272 0.379186 0.0601326
1.30827 0.804319 0.459972 0.0616528
1.17143 1.04124 0.427103 0.0540855
1.20545 0.988945 0.395342 0.065052
1.12543 1.08497 0.38042 0.0635576
1.11191 1.11126 0.471611 0.0648434
1.09005 1.08856 0.267067 0.0682971
1.16693 0.932566 0.157863 0.0609406
1.11656 0.961937 0.106496 0.0613853
1.2097 0.871673 0.174767 0.0592355
1.10567 1.03295 0.189495 0.0699875
1.15788 0.98442 0.216866 0.0613853
1.05327 0.996901 0.0588765 0.0611213
1.29267 0.251197 0.262081 0.0588229
1.31979 0.307122 0.305535 0.056036
1.28088 0.286156 0.198748 0.0589914
1.27562 0.172715 0.303452 0.0599503
1.30494 0.350418 0.222723 0.0692866
1.30589 0.448135 0.193005 0.0692866
1.24715 0.175702 0.211044 0.0680929
1.30486 0.218777 0.35912 0.0612138
1.30042 0.175589 0.464088 0.0621062
1.22187 0.372293 0.0426376 0.0529623
1.26014 0.343746 0.119637 0.0692778
1.21593 0.439194 0.0192461 0.0594778
1.26601 0.416155 0.107577 0.0692866
1.26919 0.497132 0.103543 0.0653785
1.17369 0.466514 -0.0405787 0.0596052
1.16579 0.388434 -0.0400428 0.0597763
1.22544 0.292734 0.0772607 0.0601213
1.20501 0.19007 0.108011 0.0622392
1.22309 0.0350218 0.405523 0.0583335
1.23851 0.0814964 0.334093 0.0585223
1.21963 0.0892526 0.253993 0.0683346
1.17293 -0.0417052 0.467909 0.0628049
1.17354 -0.0249777 0.368112 0.0618545
1.26819 0.107102 0.452439 0.0570634
1.27053 0.129685 0.373997 0.0612138
1.23193 0.0399152 0.485755 0.0628049
1.34697 0.396008 0.362728 0.0665093
1.34647 0.330459 0.446176 0.0664957
1.32889 0.440227 0.261911 0.0583009
1.32462 0.247648 0.428561 0.0568476
1.32653 0.242575 0.49909 0.0683603
1.36178 0.452268 0.4613 0.0665093
1.35727 0.491033 0.387204 0.062243
1.35798 0.390673 0.495038 0.0665093
1.1327 0.0860667 0.0815341 0.0638722
1.14825 0.0372273 0.162599 0.0683346
1.18101 0.114181 0.13345 0.0683346
1.12272 0.15242 0.0114396 0.0638722
1.1065 0.214242 -0.0467285 0.0571394
1.16518 0.26022 0.00112811 0.0598266
1.12245 0.407675 -0.0928456 0.0673938
1.10842 0.297534 -0.0809606 0.0670462
1.06282 0.0200841 0.0507618 0.0600314
1.05213 0.0671365 -0.00457371 0.0698501
1.06453 0.155482 -0.0577939 0.0698501
1.08255 -0.0302274 0.143267 0.0697449
1.1629 -0.0021883 0.261047 0.0666629
1.1355 -0.0794136 0.407964 0.0579943
1.25287 0.104223 0.658214 0.0565023
1.21553 0.0325998 0.637803 0.0575919
1.20118 0.0506454 0.734268 0.0669109
1.29135 0.159129 0.576332 0.0684769
1.25159 0.0819793 0.590203 0.0627446
1.15575 -0.0119877 0.7357 0.0649835
1.10484 -0.0663377 0.747019 0.0677654
1.25107 0.138939 0.731134 0.068384
1.28522 0.180114 0.669935 0.0684769
1.27746 0.209406 0.744462 0.0689142
1.19731 -0.00578586 0.575407 0.0628049
1.14537 -0.0647916 0.608782 0.0620206
1.14341 -0.0760994 0.535311 0.0588135
1.12507 0.0120322 0.846148 0.0649835
1.17734 0.0593759 0.80859 0.068384
1.05148 -0.00131505 0.938358 0.0646602
1.10444 0.0391517 0.912881 0.059608
1.21316 0.145726 0.838828 0.0689142
1.32941 0.277027 0.600851 0.0684769
1.34767 0.331601 0.537035 0.0612227
1.31279 0.262204 0.674973 0.064744
1.33446 0.332071 0.653407 0.062006
1.22897 0.692658 0.0773048 0.0670853
1.21332 0.642417 0.0306502 0.0642951
1.26725 0.655068 0.132775 0.0642951
1.1751 0.725504 0.00956792 0.0693105
1.12338 0.73367 -0.0512723 0.0687198
1.29114 0.582231 0.160303 0.0658949
1.27441 0.725201 0.187534 0.0670853
1.19821 0.771867 0.0671727 0.0637512
1.19646 0.572092 -0.00757799 0.0610979
1.11701 0.623609 -0.0935971 0.0609189
1.15285 0.659135 -0.0447154 0.0610979
1.1393 0.550273 -0.0797745 0.0610979
1.24749 0.558879 0.0691636 0.0642951
1.33142 0.594031 0.281945 0.0658949
1.31643 0.533367 0.21785 0.0653785
1.35059 0.582088 0.366579 0.0584471
1.31059 0.662458 0.246619 0.0658949
1.14549 0.839841 0.0355952 0.0693105
1.0498 0.885138 -0.0469639 0.0688557
1.09289 0.808804 -0.0483032 0.0693105
1.22878 0.797588 0.140377 0.0670853
1.16202 0.883715 0.0960933 0.0637512
1.07952 0.936409 0.02896 0.0688557
0.767206 1.27902 0.767532 0.0637426
0.702881 1.31538 0.70124 0.0622502
0.849647 1.27113 0.681608 0.0640896
0.681261 1.29344 0.792248 0.062256
0.783187 1.30271 0.649961 0.0637426
0.829442 1.30024 0.509337 0.0680023
0.838034 1.25292 0.758344 0.0644297
0.816221 1.23368 0.828911 0.0587161
0.74897 1.25103 0.849506 0.062256
0.59663 1.305 0.799773 0.0574295
0.94292 1.23017 0.631794 0.0640896
0.953783 1.23322 0.555392 0.0645342
0.867785 1.27899 0.571872 0.0640896
1.05564 1.15923 0.569151 0.0648434
1.02227 1.18917 0.506976 0.0648434
1.0145 1.1809 0.635866 0.0665543
0.903335 1.23103 0.722895 0.0644297
0.598336 1.22447 0.96166 0.0630262
0.664478 1.23669 0.922525 0.0621925
0.750565 1.21353 0.919282 0.0691013
0.534952 1.16576 1.05065 0.0648721
0.60491 1.16144 1.04731 0.0621647
0.555363 1.26813 0.891961 0.0588834
0.630047 1.27115 0.867669 0.062256
0.510534 1.22639 0.969666 0.0643804
0.523829 1.29675 0.835925 0.060861
0.589247 1.35256 0.614833 0.0628564
0.668157 1.3484 0.521115 0.064923
0.66238 1.33851 0.634038 0.0605735
0.517439 1.34864 0.667824 0.0674548
0.744019 1.32874 0.534616 0.0687312
0.617106 1.32644 0.723652 0.0644313
0.512637 1.32218 0.767921 0.0674548
0.522031 1.36181 0.563671 0.0629883
0.90728 1.14692 0.904624 0.0647506
0.961014 1.14175 0.852274 0.0639937
0.818794 1.15516 0.967033 0.0691013
0.893079 1.1911 0.841594 0.0644297
1.01947 1.12733 0.792958 0.0558492
0.802581 1.11377 1.02968 0.0666255
1.04121 1.13731 0.72488 0.0670178
0.952162 1.17824 0.787202 0.0628629
0.980185 1.18489 0.718726 0.0569554
0.967433 1.05711 0.96952 0.0646404
1.00843 1.06869 0.908545 0.0647506
1.04915 1.07438 0.84155 0.0580284
0.869649 1.08542 1.01825 0.065835
0.720068 1.14704 1.03018 0.0691013
0.291603 1.23734 0.901383 0.0660177
0.353884 1.2827 0.837589 0.0667374
0.435947 1.28605 0.854577 0.0617158
0.380967 1.2458 0.920707 0.0676035
0.280973 1.18433 0.980915 0.0676035
0.282422 1.13722 1.04265 0.056645
0.226563 1.23218 0.871575 0.0655449
0.229784 1.26663 0.795953 0.0655449
0.427806 1.17339 1.03874 0.0643804
0.378403 1.12209 1.08832 0.0555423
0.45294 1.25605 0.917413 0.0588834
0.47275 1.13602 1.08472 0.0694124
0.35143 1.17613 1.01817 0.0676035
0.13106 1.12686 0.967368 0.0672502
0.198381 1.11955 1.02235 0.056645
0.21476 1.17623 0.957702 0.0578234
0.0749588 1.06578 0.996462 0.0680342
0.148573 1.17301 0.915334 0.0568191
0.404822 1.33322 0.709904 0.0674548
0.409051 1.31276 0.780211 0.0667374
0.292737 1.30735 0.731629 0.0667374
0.33754 1.33094 0.675105 0.067093
0.439328 1.35539 0.610585 0.0671906
0.949685 1.21175 0.30025 0.0565251
0.882455 1.25767 0.332947 0.0584726
1.022 1.15891 0.294557 0.0570303
0.951418 1.18567 0.226107 0.0579171
0.858068 1.2835 0.425023 0.0584726
0.937808 1.23664 0.386779 0.0543312
0.865615 1.24438 0.254198 0.0590885
0.805669 1.29012 0.32431 0.0644916
0.788368 1.26897 0.227 0.0590885
1.01921 1.18645 0.418174 0.0623752
1.07677 1.12112 0.330266 0.0625396
1.07818 1.13685 0.413893 0.0640109
0.917423 1.25677 0.468171 0.0611798
0.707253 1.33484 0.412837 0.0687312
0.781892 1.31195 0.407295 0.0687312
0.590215 1.35934 0.463563 0.0616049
0.630051 1.34937 0.404085 0.0689078
0.737159 1.30454 0.288219 0.0666081
0.682115 1.32756 0.328956 0.0689078
0.935692 1.16056 0.150559 0.066472
1.02525 1.07653 0.126987 0.0699875
1.01778 1.13341 0.217924 0.0699875
0.871354 1.20808 0.170776 0.0650422
0.957278 1.08081 0.049298 0.060793
0.924238 1.1301 0.0869453 0.066007
0.993293 1.02605 0.0229958 0.0611213
0.246524 1.29088 0.260449 0.0557637
0.186802 1.28193 0.306537 0.0619551
0.298464 1.27431 0.172908 0.0640038
0.285617 1.31674 0.315445 0.0619551
0.165484 1.25066 0.229847 0.0518033
0.164043 1.21823 0.154796 0.0685828
0.398085 1.31361 0.225874 0.0633679
0.366918 1.28333 0.159198 0.0599338
0.472507 1.30446 0.185002 0.0676346
0.330499 1.3125 0.256911 0.0591532
0.22042 1.31242 0.403289 0.0619551
0.167885 1.29787 0.469119 0.0623098
0.372158 1.23077 0.0569017 0.0689646
0.468618 1.21691 0.0174215 0.0628806
0.27166 1.22138 0.0821273 0.0685828
0.306256 1.18604 0.00975976 0.0689646
0.428572 1.17287 -0.0378413 0.0689646
0.462676 1.13104 -0.0892437 0.0646262
0.447828 1.27026 0.111917 0.0663133
0.401951 1.35363 0.401119 0.0620799
0.365683 1.33836 0.336882 0.065037
0.488 1.34942 0.335461 0.065037
0.343092 1.34841 0.446587 0.0687454
0.461397 1.32983 0.261102 0.065037
0.458204 1.3615 0.449728 0.0641807
0.287749 1.33221 0.401448 0.0574498
0.0654738 1.23313 0.355527 0.069646
0.00963431 1.1911 0.325723 0.0684573
0.019034 1.21787 0.467909 0.069646
0.0966856 1.21647 0.231379 0.0684573
0.103146 1.26797 0.478497 0.0697715
0.130017 1.27535 0.401437 0.0681137
-0.029877 1.17757 0.409543 0.0655902
0.710966 1.24725 0.116983 0.0573593
0.652232 1.2304 0.0633942 0.065107
0.736865 1.20316 0.0555601 0.0602057
0.576292 1.2968 0.170794 0.0676346
0.71257 1.1618 -0.0146922 0.065107
0.756204 1.09587 -0.0724611 0.0656617
0.713103 1.28225 0.19656 0.065711
0.621659 1.16926 -0.0346751 0.065107
0.531863 1.19831 -0.0084158 0.0611617
0.539425 1.25588 0.0816883 0.0676346
0.539946 1.14922 -0.0694191 0.0611617
0.650539 1.12331 -0.0799113 0.0655988
0.863509 1.12314 0.0231092 0.066007
0.877734 1.06493 -0.0350542 0.0656617
0.791038 1.13143 -0.0149406 0.0655911
0.822807 1.1996 0.107989 0.066007
0.623832 1.3249 0.269948 0.0684158
0.556355 1.33952 0.301381 0.0689078
0.643606 1.29622 0.191518 0.0632441
0.514171 1.3593 0.401369 0.0684618
0.0883136 1.2367 0.686888 0.067656
0.168224 1.28416 0.651449 0.0612316
0.0624803 1.19746 0.766115 0.0692061
0.124304 1.27429 0.582658 0.0697715
0.134483 1.23617 0.771658 0.0655103
-0.0150833 1.15981 0.717457 0.0692061
0.30899 1.33641 0.605885 0.0681017
0.245211 1.31518 0.636196 0.0666083
0.205944 1.31158 0.547902 0.0623098
0.278809 1.33532 0.526476 0.0687454
0.408816 1.35908 0.539015 0.0687454
0.0193339 1.13048 0.845821 0.0692061
0.0805973 1.14781 0.890702 0.0680342
0.129624 1.20001 0.847526 0.0677353
0.00901902 1.07654 0.917168 0.0680342
-0.0463159 1.09151 0.815075 0.0691193
-0.0414479 1.16979 0.583256 0.053924
0.0152749 1.215 0.547962 0.0697715
-0.090524 1.11983 0.623312 0.0642935
0.0311903 1.21775 0.617175 0.064966
-0.0759123 1.10277 0.729467 0.0642935
-0.0635265 1.15611 0.510239 0.0597696
0.0978641 1.13737 0.0764592 0.0697873
0.0351883 1.14898 0.166551 0.0697873
0.161618 1.12315 0.00589998 0.0672439
0.219168 1.1084 -0.0475699 0.0679433
-0.0240682 1.10421 0.170251 0.0657195
0.325186 1.14476 -0.0501332 0.0659854
0.199383 1.17751 0.0555096 0.0663439
-0.0373533 1.14579 0.2947 0.0652691
0.026846 1.06997 0.0537577 0.0697873
0.0992532 1.04942 -0.0344331 0.0679433
-0.0311178 1.06291 0.113871 0.0695808
0.712885 0.262335 -0.302959 0.0672881
0.795344 0.285084 -0.282872 0.0654119
0.61251 0.207295 -0.305103 0.0597254
0.642272 0.269966 -0.320548 0.0661692
0.664368 0.164496 -0.279809 0.0672881
0.785977 0.206873 -0.261105 0.0672881
0.844898 0.172484 -0.221981 0.068149
0.780978 0.376481 -0.307684 0.0600712
0.701565 0.342462 -0.325643 0.0661692
0.843416 0.340906 -0.27766 0.0651304
0.815251 0.474902 -0.304519 0.0597375
0.613643 0.0418168 -0.223887 0.0633236
0.540185 0.014145 -0.214217 0.0641883
0.682345 0.0352882 -0.2063 0.0602862
0.58583 0.117442 -0.270758 0.0641883
0.502111 0.101439 -0.268237 0.0641883
0.577685 -0.0493387 -0.163457 0.0612384
0.75721 0.129057 -0.237727 0.0655282
0.692513 0.101636 -0.242834 0.0593144
0.966125 0.376796 -0.217196 0.063552
0.966048 0.474515 -0.227693 0.063552
0.895248 0.240009 -0.223608 0.0693665
0.976713 0.309761 -0.196012 0.0689298
1.05405 0.461911 -0.162875 0.0656415
0.876872 0.413055 -0.273495 0.063552
0.884632 0.488287 -0.274335 0.0589393
0.635995 0.411064 -0.349425 0.0629234
0.581082 0.366527 -0.350506 0.0661692
0.66578 0.485697 -0.349115 0.0536756
0.533908 0.272953 -0.333115 0.0649517
0.748632 0.488243 -0.328803 0.0619257
0.538808 0.425537 -0.360441 0.0554387
0.506538 0.361785 -0.353622 0.0646727
0.595807 0.498091 -0.360141 0.0554387
0.910374 0.0886465 -0.140106 0.0676006
0.848614 0.0393607 -0.143863 0.0583807
0.952831 0.176317 -0.16229 0.0693665
0.820731 -0.0388611 -0.0948176 0.0642711
1.01704 0.170997 -0.110549 0.060528
0.706961 -0.0375502 -0.145171 0.0602862
0.775478 0.0468605 -0.182926 0.060285
0.628575 -0.103357 -0.10736 0.0652164
0.975328 0.048659 -0.0646427 0.0698501
0.895651 -0.00790116 -0.0775519 0.068117
1.04098 0.330172 -0.153473 0.0673938
1.01236 0.259811 -0.154504 0.0693665
1.10572 0.473892 -0.116937 0.0575754
0.922491 0.698852 -0.227572 0.0545659
0.857732 0.685162 -0.264887 0.0608068
0.873679 0.614687 -0.271148 0.0601394
0.824339 0.560837 -0.300229 0.0619257
0.942416 0.628367 -0.231726 0.0605576
1.0099 0.736892 -0.156863 0.0649991
0.950573 0.755315 -0.193037 0.0580485
0.886356 0.767881 -0.225778 0.059343
0.805799 0.744377 -0.270964 0.0645284
1.01725 0.582706 -0.18777 0.0605576
0.92709 0.540333 -0.250608 0.0605576
1.08473 0.540938 -0.135303 0.0514697
1.06899 0.675535 -0.126609 0.0629692
1.0061 0.669211 -0.18 0.0545659
0.986036 0.858716 -0.119322 0.0655772
0.918803 0.887374 -0.150171 0.0676724
1.04379 0.779052 -0.11149 0.0649991
0.995514 0.937974 -0.0568593 0.0676724
0.852015 0.837634 -0.214936 0.0645284
0.713329 0.572568 -0.335183 0.0619257
0.767133 0.641392 -0.310348 0.0661542
0.660499 0.63788 -0.338889 0.0661542
0.735109 0.733648 -0.298684 0.0661542
0.635346 0.557183 -0.352228 0.0600393
0.292765 0.0703676 -0.221419 0.0581101
0.309553 0.133273 -0.259625 0.0554263
0.278468 0.0150837 -0.180526 0.0615123
0.380575 0.122301 -0.268668 0.0559787
0.368429 0.0464427 -0.224736 0.0626906
0.242776 0.12695 -0.236968 0.0624414
0.292721 0.198184 -0.284369 0.0526049
0.221202 0.212804 -0.267551 0.0650686
0.37669 -0.0370287 -0.167276 0.0626906
0.471244 0.00132944 -0.205669 0.0626906
0.306317 -0.0435439 -0.144687 0.0624348
0.473955 -0.0633298 -0.155463 0.0612384
0.439735 0.0579683 -0.240754 0.0597215
0.414391 0.314457 -0.340202 0.0649517
0.367379 0.209246 -0.303712 0.0588568
0.452337 0.220512 -0.316634 0.0649517
0.43496 0.413313 -0.358398 0.0628595
0.494876 0.480543 -0.364888 0.053113
0.349476 0.344608 -0.337887 0.0653706
0.279532 0.27942 -0.307396 0.060186
0.1296 0.0272983 -0.12222 0.0651874
0.193006 0.0559314 -0.17567 0.0589169
0.194982 -0.0224279 -0.117767 0.0634693
0.167289 0.121035 -0.202321 0.0650686
0.0497448 0.0175497 -0.0590575 0.0651874
0.0946815 0.0889361 -0.144668 0.0644919
0.243584 0.703492 -0.300298 0.0679772
0.313501 0.737848 -0.310065 0.0604807
0.300306 0.806062 -0.28296 0.0676805
0.166793 0.594804 -0.292992 0.0649437
0.163483 0.663753 -0.279523 0.0679772
0.229205 0.573118 -0.318005 0.0679772
0.298166 0.659606 -0.325225 0.0662339
0.364844 0.787962 -0.303282 0.0652823
0.458675 0.80874 -0.305908 0.0682468
0.181948 0.774965 -0.255422 0.0676805
0.216647 0.846063 -0.240416 0.0672162
0.402836 0.631549 -0.348858 0.0594238
0.357725 0.538654 -0.351399 0.0594238
0.482016 0.668987 -0.348436 0.0597932
0.274826 0.513255 -0.334644 0.0526582
0.463732 0.559094 -0.361333 0.0597932
0.390314 0.70161 -0.333206 0.0652823
0.353334 0.945016 -0.226176 0.0567982
0.341972 0.882179 -0.258865 0.0672162
0.447533 0.967468 -0.224855 0.0583355
0.423555 0.885957 -0.269701 0.0611944
0.499829 0.913437 -0.260643 0.0682468
0.487075 1.0465 -0.170692 0.0646262
0.359017 1.00676 -0.185916 0.0545091
0.231748 0.913394 -0.211096 0.0672162
0.0775225 0.613436 -0.246262 0.0603169
0.0211347 0.565299 -0.216786 0.0634182
0.0318541 0.665981 -0.207358 0.0609802
0.111586 0.535181 -0.271231 0.0634182
0.101442 0.721009 -0.234227 0.0604897
0.133929 0.819239 -0.215057 0.0640529
-0.042355 0.583577 -0.168419 0.067903
-0.0895011 0.527858 -0.131392 0.0626749
0.678971 0.922328 -0.232541 0.0590522
0.669258 0.854583 -0.269846 0.0590522
0.749127 0.930764 -0.20701 0.0567892
0.595987 0.887667 -0.267007 0.0601025
0.570269 0.824751 -0.299549 0.0682468
0.771652 0.857639 -0.239653 0.0645284
0.733675 0.807982 -0.27357 0.0612898
0.740008 0.9927 -0.1684 0.0596211
0.649899 0.982655 -0.201933 0.0567892
0.630737 0.730441 -0.323954 0.0657387
0.569023 0.694896 -0.33977 0.0580574
0.550605 0.627291 -0.353639 0.0600393
0.860897 0.977946 -0.123865 0.0645251
0.817001 0.904284 -0.195379 0.0645251
0.930438 0.984365 -0.0723297 0.0676724
0.80314 1.03619 -0.106495 0.0656617
0.607541 1.03868 -0.16833 0.0655988
0.544944 0.997878 -0.205436 0.0604921
0.690892 1.04534 -0.143815 0.0655112
0.555571 1.09502 -0.125214 0.0655988
0.0711624 0.897503 -0.136905 0.0656952
0.170532 0.967768 -0.149146 0.0678585
0.0490565 0.830431 -0.159749 0.0636486
0.099365 0.960358 -0.112568 0.0635342
-0.00969794 0.799575 -0.131698 0.057199
0.289229 1.02089 -0.156718 0.0678585
0.333416 1.06983 -0.128656 0.055108
0.164785 0.880384 -0.200573 0.0656952
0.0451788 0.966588 -0.068493 0.0579675
-0.0122767 0.919048 -0.0560683 0.0632264
0.135139 1.01661 -0.0903829 0.0635285
-0.0477683 0.674202 -0.146724 0.0677609
0.0504315 0.765405 -0.190043 0.0564164
-0.0864287 0.747499 -0.0865563 0.0616624
0.0595834 0.310778 -0.219649 0.0676856
0.140339 0.351329 -0.272106 0.0676856
0.14017 0.228836 -0.238842 0.0676856
0.0761532 0.240576 -0.207587 0.0653894
0.151394 0.426097 -0.288049 0.0669984
0.0797868 0.392069 -0.247712 0.0534248
0.00386307 0.272841 -0.170341 0.064996
0.266124 0.426523 -0.330174 0.0667729
0.234053 0.335632 -0.305974 0.0669984
0.413369 0.492094 -0.361229 0.0543298
0.347228 0.458267 -0.350288 0.0628595
0.20849 0.464466 -0.313022 0.0669984
-0.0304235 0.380672 -0.172739 0.0649949
0.0055894 0.476981 -0.209106 0.0659389
0.0809635 0.462517 -0.255541 0.0634182
-0.0650855 0.465713 -0.153439 0.0659389
-0.0551472 0.312815 -0.135969 0.0633666
0.0501598 0.15123 -0.150829 0.0653894
0.00933222 0.114092 -0.0990044 0.0644919
0.114732 0.172191 -0.201059 0.0610363
-0.0178532 0.205435 -0.127076 0.0653894
0.691619 0.761139 1.30233 0.0582275
0.835038 0.693533 1.27346 0.055596
0.603971 0.83647 1.29022 0.0582275
0.981985 0.882733 1.107 0.0571415
0.98274 0.446057 1.21616 0.0657647
1.0482 0.137311 1.0623 0.0663189
0.926987 0.0775486 1.12173 0.0655012
0.513718 0.496205 1.36522 0.0607686
0.399691 0.969502 1.21963 0.0638519
-0.0499342 0.475709 1.16714 0.0532245
0.812559 0.04526 1.16549 0.0609477
0.530016 -0.0973547 1.12443 0.0577043
0.0335534 0.0966387 1.10562 0.0595168
0.34317 -0.0888734 1.11329 0.0690334
-0.0603207 0.155102 1.06211 0.0647394
-0.0943662 0.294078 1.09483 0.0559017
0.0278514 0.629193 1.21413 0.0587779
0.129399 0.819792 1.21274 0.0595282
5.70232e-005 0.813544 1.13274 0.0604367
-0.238235 0.318559 0.913372 0.0534386
-0.206474 0.11667 0.817452 0.060842
-0.277746 0.227407 0.237366 0.0696084
-0.352547 0.370894 0.43226 0.0555716
-0.22055 0.0276686 0.418901 0.0611002
-0.18566 0.0779629 0.183804 0.066797
-0.262828 0.737443 0.170892 0.0521232
-0.248913 0.852718 0.248335 0.0591978
-0.197552 0.72261 0.0411688 0.0683336
-0.273229 0.866208 0.377967 0.0509637
-0.0795982 1.07315 0.210198 0.0616777
-0.276244 0.808812 0.724509 0.0694082
-0.246711 0.934405 0.530748 0.0643358
-0.118127 1.10302 0.552398 0.06666
-0.297303 0.443057 0.168912 0.060935
-0.224248 0.195661 0.137658 0.0617873
-0.0266132 0.0578334 -0.026311 0.0590047
0.0296495 -0.2255 0.518508 0.0631623
0.495895 -0.197846 1.01079 0.0664444
0.0491838 -0.16148 0.82756 0.0608737
0.0900757 -0.101149 0.966631 0.0656521
0.2694 -0.0965372 1.08215 0.065934
0.559191 -0.242099 0.93986 0.0664444
0.683092 -0.127199 1.0661 0.0643213
0.86862 -0.0713548 1.03417 0.0523951
0.851668 -0.248638 0.245981 0.0575515
0.718076 -0.333153 0.424525 0.066404
0.884667 -0.274767 0.497082 0.0595043
0.646159 -0.262681 0.120843 0.0591262
0.580616 -0.285987 0.147538 0.0628347
0.580552 -0.197906 -0.00466573 0.0619339
0.953134 -0.172318 0.800568 0.068836
1.09705 -0.10232 0.328855 0.0618545
0.997227 -0.0134956 0.0130533 0.0682004
0.734918 -0.185582 0.0285485 0.0642839
0.449218 -0.24208 0.0594313 0.0586451
1.33823 0.689706 0.596731 0.0564617
1.18109 0.503635 1.03343 0.0651421
1.26058 0.705853 0.856405 0.0554272
1.2174 0.355495 0.961627 0.0617483
1.314 0.381011 0.76554 0.0618918
1.15386 0.831449 0.958723 0.0619547
1.08464 1.07891 0.768725 0.0680933
1.20452 0.922274 0.229162 0.053267
1.24225 0.94061 0.453337 0.0539286
1.16399 1.03429 0.350337 0.0635576
1.24499 0.23302 0.148905 0.0589914
1.34557 0.491519 0.317516 0.0605599
1.33606 0.316823 0.378302 0.056036
1.11818 -0.0291541 0.204466 0.0539216
1.16939 0.194339 0.0459483 0.0630874
1.27081 0.108864 0.525228 0.0573456
1.16488 -0.0279292 0.665255 0.0677654
0.671737 1.19021 0.9925 0.0664728
0.824338 1.1997 0.890613 0.057678
0.422951 1.21817 0.977227 0.0619339
0.523488 1.36463 0.493275 0.0629883
0.228458 1.26219 0.195092 0.0685828
0.112881 1.24628 0.299484 0.0663945
0.619343 1.26532 0.115102 0.0573593
0.584345 1.22426 0.0346327 0.0598479
0.785615 1.23915 0.152701 0.0588851
0.545764 1.32015 0.230414 0.0554186
0.183374 1.27055 0.731554 0.0666083
0.279715 1.10059 -0.0818485 0.0608399
0.382936 1.11328 -0.0986911 0.0636563
3.78957e-005 1.15187 0.230859 0.0684573
0.0212586 1.01608 -0.00240362 0.0591742
0.541016 0.202595 -0.310147 0.0601633
0.903334 0.3218 -0.244061 0.0654119
1.02467 0.395004 -0.178991 0.0673938
0.84102 0.106188 -0.191003 0.068149
0.972032 0.117021 -0.115099 0.0698419
0.367725 -0.0887854 -0.11997 0.0659592
0.486548 0.740991 -0.330662 0.0651007
0.41652 1.04308 -0.167861 0.0646262
0.288939 0.959978 -0.200434 0.0678585
0.545705 0.550835 -0.36191 0.0556184
0.201543 1.04851 -0.0977493 0.0679433
0.190447 0.285293 -0.279044 0.0640746
0.92503 0.472362 1.25244 0.0578946
0.411952 0.137614 1.28058 0.0632396
0.121625 0.400661 1.27107 0.059977
0.188474 0.719428 1.27667 0.0628717
-0.000215642 0.932158 1.05712 0.0649205
-0.248562 0.246884 0.852515 0.0558442
-0.227809 0.468593 0.965182 0.0653659
-0.242314 0.59895 0.931677 0.0593093
-0.177017 0.83309 0.924358 0.0598968
-0.18314 0.136268 0.884637 0.0597667
-0.100425 -0.0339434 0.1808 0.0596259
-0.289534 0.574811 0.154313 0.0649885
-0.357964 0.512577 0.393066 0.0643558
-0.129635 0.579264 -0.0881713 0.067903
-0.170303 0.988715 0.251362 0.0578629
-0.206012 0.938479 0.738681 0.0559016
-0.358786 0.601594 0.516476 0.0529085
0.363789 -0.270141 0.867583 0.0597932
-0.0868625 -0.113396 0.335664 0.0524684
0.767613 -0.30187 0.314795 0.0522619
0.835556 -0.274738 0.685099 0.0645322
0.899989 -0.180651 0.853027 0.0507103
0.934254 -0.118244 0.920072 0.0568792
0.327684 -0.304898 0.235951 0.0627432
0.159057 -0.159178 0.0556306 0.0658897
1.34742 0.651107 0.411446 0.0517741
1.27893 0.873156 0.465542 0.0598339
1.07516 1.02359 0.122452 0.0559635
1.25097 0.811951 0.206278 0.0630764
1.1159 -0.0619651 0.270817 0.0618545
1.15219 0.0728579 0.874023 0.0602418
1.36131 0.439409 0.549176 0.0571439
1.21954 0.510759 0.0188716 0.0580692
0.728379 1.32736 0.603343 0.0582286
0.60015 1.35776 0.537074 0.0605735
0.911235 1.10298 0.96308 0.0647506
0.138222 1.07857 1.03077 0.0622697
0.098907 1.17718 0.141343 0.0663439
0.240492 1.15787 0.00210157 0.0559842
-0.0839338 1.13236 0.413982 0.0652691
0.0978422 1.09516 0.0188736 0.0561452
0.640806 -0.0206899 -0.175141 0.0577593
0.713307 0.417234 -0.333976 0.05925
1.06571 0.239215 -0.0999415 0.056883
0.937834 0.821596 -0.173143 0.0649991
0.453845 0.153784 -0.290852 0.0589003
0.31264 0.59163 -0.339618 0.0564121
0.668038 0.78861 -0.297607 0.0586054
0.589302 0.950297 -0.232567 0.0564637
0.00775787 0.867582 -0.108974 0.0578155
0.767653 0.949386 1.18914 0.0625611
0.380503 0.622519 1.34753 0.0583193
0.290294 0.155644 1.26489 0.0610218
0.220895 -0.00826441 1.14112 0.0528654
-0.274509 0.154447 0.672063 0.060473
-0.310523 0.469895 0.798007 0.0487422
-0.350375 0.550211 0.650133 0.0543296
-0.155823 -0.00961492 0.742323 0.0604858
-0.0354098 -0.0289544 0.0730633 0.0614529
-0.30704 0.750922 0.315063 0.0538557
-0.111313 1.05194 0.763594 0.0521394
-0.34796 0.398971 0.364091 0.0643558
0.136846 -0.280493 0.583719 0.0584524
0.290848 -0.197711 0.0326487 0.068448
1.20541 0.999126 0.472708 0.0516517
1.18115 0.329406 -0.00550941 0.059299
1.19763 0.0211879 0.32055 0.0559137
1.33019 0.377034 0.29456 0.0570097
1.07391 -0.0258847 0.876313 0.0553132
0.797909 1.30785 0.574155 0.0597877
0.993879 1.19421 0.352201 0.0625396
0.808823 1.16605 0.0435423 0.0653712
0.348827 0.274982 -0.322099 0.0598148
0.176304 0.525673 -0.301339 0.0593093
-0.00751435 0.730224 -0.161339 0.057199
0.683322 0.490406 1.34543 0.0516472
-0.265243 0.376664 0.881922 0.055861
-0.291125 0.522911 0.848226 0.0525521
0.636976 -0.238458 0.928767 0.0521373
0.0575579 -0.241173 0.453575 0.0589666
1.09441 -0.125229 0.565756 0.0521652
1.10602 0.0254081 0.106982 0.0541789
0.234054 1.32207 0.471296 0.0584251
0.772127 -0.0117135 -0.141213 0.0602862
1.01521 0.511841 -0.19424 0.0600727
-0.188627 0.00749292 0.679563 0.0539643
-0.308018 0.612107 0.78619 0.0534869
-0.101343 0.892425 0.0192013 0.0631326
0.782586 -0.090059 -0.065443 0.0595795
1.32789 0.450521 0.746693 0.0616355
1.33095 0.737858 0.468197 0.0527325
0.977444 1.22068 0.463355 0.0518926
0.938846 1.03287 -0.022057 0.0595336
-0.0171899 1.17673 0.649065 0.067656
0.0202617 0.406733 -0.213912 0.0616976
0.608724 -0.353854 0.582656 0.0509283
0.208247 -0.256371 0.198722 0.0597961
0.3296 1.25168 0.108496 0.0600232
-0.173438 1.0132 0.67467 0.0534122
-0.253706 0.485432 0.0760427 0.0532591
-0.182172 -0.03069 0.475816 0.0638768
1.02559 0.968993 -0.00161605 0.0595336
0.663963 1.13045 1.06883 0.0626016
1.06613 0.607846 -0.144309 0.0491711
0.803941 0.964738 -0.162524 0.0580211
0.285743 1.26661 0.838049 0.0631272
0.553219 0.76095 -0.322769 0.0582388
-0.189053 0.90424 0.167402 0.0591978
