2634
0.327874 0.332426 0.127737 0.0164928
0.248203 0.117062 0.0656957 0.0192858
0.849733 0.251514 0.0274779 0.0193916
0.6593 0.405032 0.166107 0.0167514
0.249956 0.131759 0.290215 0.0199965
0.608026 0.150714 0.0448648 0.0189503
0.248093 0.226424 0.282184 0.0170492
0.85517 0.440771 0.173395 0.0185361
0.278639 0.137127 0.289661 0.0181855
0.613513 0.403251 0.184016 0.0182535
0.459931 0.282306 0.142741 0.0172805
0.0629351 0.335652 0.107043 0.0184246
0.123189 0.441279 0.172548 0.0171692
0.301515 0.139344 0.289527 0.0184215
0.345154 0.391479 0.180638 0.016348
0.838106 0.451076 0.18201 0.0166876
0.473209 0.264852 0.186893 0.0156717
0.103691 0.465696 0.180787 0.0184639
0.350053 0.469412 0.181041 0.019492
0.78227 0.208614 0.0862844 0.0196512
0.393818 0.144847 0.0535603 0.0190783
0.276544 0.187619 0.0735332 0.0191805
0.570798 0.132652 0.308487 0.0192776
0.570114 0.223363 0.285972 0.0188152
0.763006 0.486284 0.179077 0.0161613
0.365373 0.287323 0.283239 0.0191363
0.580266 0.500898 0.12962 0.0189325
0.180793 0.0294542 0.179604 0.0179846
0.09915 0.483587 0.189086 0.0188017
0.432477 0.31863 0.110459 0.0178133
0.461311 0.364108 0.116821 0.0163752
0.44305 0.515136 0.129516 0.0164337
0.209916 0.128189 0.290325 0.0171234
0.72837 0.498043 0.175613 0.0151225
0.384942 0.0708383 0.039702 0.0163619
0.58344 0.403636 0.164444 0.0189465
0.305889 0.322705 0.228258 0.0193378
0.350381 0.502133 0.17896 0.0190278
0.396107 0.0739878 0.0580166 0.0164894
0.134241 0.392471 0.157281 0.0170916
0.0998402 0.504569 0.188474 0.0164203
0.564521 0.136379 0.0419346 0.0174234
0.70832 0.503578 0.172288 0.0156615
0.238629 0.0660573 0.0490866 0.0180869
0.98471 0.279382 0.14005 0.018264
0.0164362 0.506365 0.175885 0.0170814
0.414858 0.0812001 0.0461492 0.0157133
0.228372 0.209457 0.285799 0.0190503
0.0298025 0.277111 0.134723 0.0163881
0.971251 0.311222 0.109125 0.016507
0.680297 0.513373 0.178847 0.0156615
0.104052 0.286459 0.136228 0.0199291
0.533368 0.406739 0.136441 0.0195781
0.977102 0.279833 0.264956 0.0180199
0.00448776 0.400853 0.174284 0.0166519
0.591842 0.169845 0.0277646 0.0193382
0.207216 0.0882497 0.276885 0.0167936
0.396669 0.203365 0.28292 0.0184698
0.65703 0.519181 0.178519 0.0187738
0.434085 0.297275 0.116406 0.0174483
0.141123 0.528035 0.183083 0.0190982
0.203759 0.206022 0.282985 0.0190503
0.987231 0.299275 0.126533 0.018264
0.369701 0.528084 0.177447 0.0165997
0.262279 0.0896892 0.0538252 0.0192858
0.804614 0.212677 0.286555 0.0167911
0.359317 0.123816 0.0417842 0.0188758
0.621327 0.526573 0.172049 0.0187738
0.943995 0.37705 0.166109 0.0181874
0.635483 0.439699 0.133292 0.0185767
0.161059 0.694945 0.238312 0.01972
0.525385 0.1214 0.0452179 0.019445
0.171352 0.528784 0.182153 0.0175656
0.0817315 0.581791 0.236487 0.0168017
0.116915 0.531975 0.173229 0.0175229
0.785377 0.205937 0.291115 0.0182773
0.562469 0.537958 0.171448 0.015909
0.803836 0.460024 0.221421 0.0196737
0.186381 0.546319 0.172504 0.0178192
0.189116 0.191268 0.286195 0.0174213
0.192233 0.000775235 0.18846 0.018266
0.386036 0.545446 0.172224 0.0160665
0.0994492 0.571422 0.23432 0.019651
0.521364 0.54745 0.188326 0.0176016
0.370951 0.400511 0.232199 0.0190105
0.303177 0.296789 0.117811 0.0160957
0.192587 0.0038627 0.11493 0.0196023
0.396182 0.563981 0.193816 0.0189367
0.713891 0.36971 0.180692 0.0190977
0.142926 0.253597 0.152914 0.0170759
0.747368 0.193057 0.281353 0.016926
0.365038 0.567615 0.178435 0.0189367
0.471457 0.499027 0.128788 0.0190723
0.267205 0.0299591 0.0416882 0.0166824
0.149788 0.380253 0.114482 0.0181515
0.17486 0.139741 0.289866 0.0190411
0.344374 0.535064 0.280972 0.0170435
0.0275386 0.567763 0.174892 0.0149648
0.177077 0.175313 0.288152 0.0190411
0.512973 0.567526 0.186033 0.0174482
0.49743 0.111207 0.046928 0.0189111
0.96658 0.352212 0.169513 0.0181874
0.0406976 0.366171 0.105654 0.0164911
0.523479 0.367529 0.165093 0.0173914
0.911123 0.251829 0.188841 0.0175159
0.907239 0.389491 0.122762 0.016874
0.345851 0.575839 0.185543 0.0179392
0.304474 0.712676 0.185756 0.0198049
0.506851 0.585019 0.176738 0.0192205
0.46658 0.175606 0.290672 0.017175
0.963792 0.358396 0.188857 0.0192223
0.0335428 0.589632 0.171947 0.01708
0.548301 0.12466 0.246856 0.017457
0.328395 0.110579 0.0425723 0.0183611
0.335725 0.545162 0.0472483 0.0185298
0.588049 0.433926 0.135417 0.0185136
0.459847 0.096062 0.0897735 0.0199567
0.3314 0.590773 0.174325 0.0194582
0.704631 0.178487 0.293412 0.0172608
0.315071 0.345774 0.176023 0.0189516
0.316172 0.600177 0.18683 0.0171824
0.491286 0.501176 0.126485 0.019113
0.701293 0.184999 0.0353815 0.0186812
0.427072 0.275068 0.115252 0.017977
0.276357 0.597224 0.18213 0.0153448
0.151176 0.160718 0.284389 0.0190411
0.969353 0.273908 0.118879 0.018264
0.451369 0.168851 0.277462 0.0187087
0.217155 0.621125 0.170827 0.0179706
0.322898 0.13212 0.290567 0.0180745
0.114018 0.381479 0.0350165 0.0177313
0.397606 0.171893 0.283954 0.0184098
0.588274 0.138613 0.293574 0.0192752
0.476702 0.619684 0.172325 0.0172901
0.458972 0.631681 0.172424 0.0175463
0.979376 0.332307 0.163158 0.0148149
0.609652 0.445941 0.129892 0.0192431
0.738375 0.339553 0.168482 0.0195058
0.436205 0.642324 0.16455 0.0175463
0.650064 0.159816 0.281226 0.018177
0.999359 0.294578 0.168839 0.0181559
0.218383 0.0097603 0.169946 0.019481
0.478986 0.378131 0.121929 0.0186868
0.265611 0.274901 0.130279 0.019498
0.546865 0.128492 0.0521786 0.0158764
0.422607 0.155686 0.288572 0.0187087
0.0638611 0.440417 0.121509 0.0195456
0.495803 0.337096 0.156252 0.0164318
0.305323 0.249631 0.0874941 0.0197692
0.0464341 0.632836 0.16806 0.0182423
0.408701 0.655718 0.166908 0.0167934
0.382568 0.664851 0.178072 0.0161556
0.496959 0.327882 0.176562 0.0168413
0.462825 0.098819 0.0480839 0.0188343
0.0294704 0.237857 0.146394 0.0191468
0.291984 0.317265 0.185246 0.0189516
0.0818211 0.447492 0.129568 0.0196598
0.6134 0.147298 0.288487 0.0151337
0.147729 0.138037 0.283318 0.0187914
0.838896 0.427718 0.128598 0.0188245
0.338612 0.674563 0.177748 0.0160198
0.558709 0.211949 0.0425738 0.016629
0.295045 0.31624 0.164699 0.0180295
0.943007 0.264137 0.115087 0.018979
0.2244 0.685092 0.186524 0.0157016
0.0625193 0.675444 0.182573 0.0176073
0.0681117 0.344709 0.279445 0.0195961
0.325027 0.691715 0.174615 0.0182761
0.283329 0.0911218 0.0421659 0.0184
0.204994 0.691688 0.176044 0.0195446
0.159187 0.120771 0.283549 0.0186173
0.782123 0.38822 0.116797 0.018205
0.22985 0.134863 0.29059 0.0199965
0.442138 0.0917382 0.0392225 0.0191706
0.502545 0.10835 0.281243 0.019981
0.802413 0.41257 0.114361 0.0186363
0.373484 0.410517 0.142267 0.0196668
0.235555 0.251919 0.117915 0.0179736
0.649278 0.165131 0.0439247 0.0192669
0.40023 0.457508 0.229713 0.0186116
0.918963 0.255552 0.107417 0.0196261
0.279047 0.302059 0.180389 0.0158599
0.286511 0.719067 0.193926 0.0178845
0.43808 0.166677 0.0635819 0.0182176
0.468826 0.0965193 0.283251 0.0198564
0.830268 0.338306 0.0866604 0.0193536
0.384536 0.398268 0.124606 0.0199099
0.73893 0.308469 0.173868 0.01876
0.623286 0.250555 0.111138 0.0178342
0.125303 0.293824 0.17326 0.016727
0.150349 0.573644 0.126945 0.0182799
0.856199 0.230277 0.312254 0.019985
0.0222587 0.299654 0.137388 0.0185566
0.427009 0.081641 0.284038 0.0183196
0.270408 0.027373 0.186747 0.0198907
0.420088 0.241183 0.114384 0.0182885
0.22728 0.0820927 0.278491 0.0167936
0.569088 0.131997 0.243609 0.0197161
0.484894 0.302533 0.176382 0.0180647
0.292597 0.0352202 0.17838 0.0177436
0.476614 0.180502 0.0507081 0.0187919
0.401685 0.0725272 0.285098 0.0182581
0.190902 0.0482145 0.19146 0.0178313
0.166433 0.582342 0.239839 0.0193323
0.70069 0.279308 0.177846 0.0184551
0.381154 0.0651631 0.287277 0.0175691
0.975414 0.320619 0.128573 0.0164978
0.224863 0.0605516 0.282896 0.0173765
0.593721 0.239819 0.114484 0.0166291
0.383648 0.0669892 0.192616 0.0180296
0.208869 0.0689229 0.183759 0.0172564
0.248892 0.274327 0.17054 0.0184971
0.962118 0.270408 0.175544 0.0186418
0.358859 0.0599777 0.0823009 0.0181693
0.18957 0.615726 0.131109 0.0167246
0.861308 0.235064 0.113381 0.0162825
0.359283 0.520737 0.285883 0.0170383
0.212846 0.0424649 0.281654 0.0177374
0.407968 0.0757798 0.184258 0.016954
0.477856 0.33759 0.136694 0.0176874
0.721699 0.189513 0.0485403 0.0173818
0.187447 0.0777282 0.186196 0.017183
0.195048 0.14849 0.290831 0.0181859
0.00636323 0.271997 0.187322 0.0175219
0.138766 0.39282 0.134184 0.0182494
0.297866 0.035554 0.271344 0.0184388
0.215707 0.155284 0.291191 0.0194226
0.165221 0.0832728 0.181885 0.0169566
0.426056 0.0820378 0.191326 0.0185792
0.256503 0.0210188 0.28038 0.0167937
0.320474 0.0812348 0.331491 0.0190412
0.186708 0.00125498 0.137428 0.0193978
0.235417 0.0137581 0.290781 0.019013
0.450138 0.0907684 0.184663 0.0188247
0.205864 0.0198877 0.277672 0.019013
0.772876 0.412256 0.118048 0.0186363
0.398793 0.56235 0.16846 0.0186446
0.308568 0.0423918 0.0693689 0.0161066
0.366141 0.624056 0.269421 0.0175876
0.863477 0.41491 0.12471 0.0188245
0.927658 0.25789 0.175353 0.0165256
0.534726 0.50354 0.126387 0.0190274
0.515157 0.198307 0.0524588 0.0183501
0.552207 0.512624 0.134816 0.0189325
0.661657 0.452013 0.125891 0.01836
0.49213 0.105621 0.184747 0.0173177
0.0809837 0.608455 0.127636 0.0176069
0.348127 0.597916 0.277184 0.0175876
0.07677 0.131645 0.170184 0.0188019
0.395147 0.591417 0.268925 0.0180921
0.390341 0.149931 0.292335 0.0174765
0.343405 0.57237 0.283732 0.0170096
0.836617 0.226567 0.121833 0.0191242
0.576528 0.232761 0.0982107 0.0158176
0.238329 0.0389341 0.043372 0.0166908
0.388902 0.571065 0.283153 0.0180162
0.786241 0.210734 0.0590432 0.0196012
0.556968 0.223916 0.113645 0.0158469
0.54789 0.12521 0.187468 0.0153295
0.104961 0.350596 0.275359 0.0195961
0.563069 0.130776 0.171203 0.0197418
0.584686 0.138242 0.175789 0.0180014
0.364234 0.54177 0.274338 0.0169254
0.503686 0.201914 0.13272 0.0182382
0.61235 0.147793 0.18093 0.0172819
0.164933 0.254945 0.183097 0.0173233
0.541246 0.407744 0.229969 0.0164707
0.155609 0.220713 0.111159 0.0163061
0.308216 0.0429752 0.0435655 0.0177391
0.912203 0.252589 0.157524 0.0188358
0.634042 0.1553 0.18567 0.0172819
0.805328 0.217547 0.0492743 0.0196012
0.632418 0.254391 0.170787 0.0177721
0.399596 0.287486 0.282071 0.0190836
0.654 0.162232 0.177639 0.0188575
0.132658 0.216345 0.111546 0.018589
0.0424532 0.177209 0.206477 0.0198897
0.675703 0.169856 0.171842 0.018057
0.561351 0.496212 0.124703 0.0158015
0.360019 0.577521 0.229839 0.0180618
0.892667 0.245647 0.163947 0.0179806
0.085358 0.439277 0.280527 0.0189499
0.462212 0.293315 0.23317 0.0185889
0.27438 0.158706 0.290369 0.0195366
0.638719 0.157839 0.131158 0.0195623
0.712198 0.182486 0.178678 0.0165743
0.721958 0.185534 0.19657 0.0171896
0.0610109 0.41919 0.292063 0.0175395
0.737238 0.191184 0.17976 0.0157767
0.139237 0.4233 0.277141 0.0169437
0.375008 0.162797 0.291599 0.0159222
0.834855 0.227059 0.0622907 0.0177243
0.0123649 0.255904 0.167711 0.0178784
0.261445 0.608206 0.190836 0.0175425
0.676111 0.177099 0.0345002 0.0192669
0.873588 0.238972 0.163361 0.015882
0.458001 0.204562 0.182403 0.0193508
0.0457325 0.39876 0.282369 0.0189985
0.163437 0.397297 0.278637 0.01703
0.289651 0.0360788 0.0575902 0.0171759
0.584965 0.235381 0.169742 0.0162025
0.479935 0.197332 0.178747 0.0168438
0.0232189 0.215966 0.187883 0.0177607
0.198186 0.172566 0.290629 0.0170107
0.49672 0.409065 0.119098 0.0186868
0.240668 0.0202717 0.0531672 0.0166824
0.764331 0.200599 0.17791 0.0163928
0.831727 0.224277 0.174982 0.0184013
0.783462 0.207316 0.179278 0.0152111
0.558851 0.224172 0.167092 0.0174149
0.595028 0.233325 0.0505763 0.0162057
0.0431101 0.374761 0.280376 0.0190587
0.462372 0.225617 0.18338 0.0164117
0.792846 0.211474 0.118692 0.0196512
0.896647 0.370656 0.272753 0.018362
0.507338 0.204469 0.184686 0.0187255
0.524828 0.209192 0.114869 0.0162454
0.135041 0.363215 0.284227 0.0180755
0.621179 0.244656 0.0527572 0.0163751
0.101949 0.202076 0.111739 0.0193231
0.395907 0.108407 0.0283532 0.0165003
0.321773 0.350091 0.216454 0.0186361
0.196138 0.0127011 0.0889216 0.0193386
0.882204 0.357901 0.279488 0.0185419
0.037089 0.306022 0.125035 0.0186427
0.917234 0.362111 0.275297 0.0178132
0.852662 0.231549 0.174566 0.0169694
0.904707 0.251524 0.0559168 0.0171021
0.303774 0.169957 0.290565 0.0184215
0.321223 0.154917 0.290452 0.0180756
0.604346 0.242806 0.180001 0.0171905
0.651656 0.251996 0.0439295 0.0163865
0.415319 0.191804 0.110694 0.0194152
0.411864 0.412693 0.116466 0.0199099
0.760724 0.200545 0.109287 0.0196512
0.504768 0.199292 0.107069 0.0155449
0.931445 0.345479 0.280952 0.0166796
0.508579 0.425843 0.117339 0.0174537
0.817128 0.458999 0.166225 0.0186436
0.0299108 0.202474 0.174359 0.019913
0.338817 0.520919 0.0379309 0.0173693
0.679504 0.252834 0.0350437 0.0163865
0.923701 0.262151 0.0491273 0.0151094
0.0378141 0.184439 0.181171 0.0177488
0.239538 0.159014 0.290966 0.0195366
0.222087 0.0169208 0.0597644 0.0165529
0.947278 0.335745 0.272064 0.0179182
0.209274 0.257519 0.171903 0.0156453
0.852167 0.344453 0.277828 0.0175662
0.67975 0.265746 0.0508216 0.0168517
0.224867 0.0130657 0.0940815 0.0169897
0.698957 0.26963 0.045132 0.0162628
0.939774 0.262121 0.192131 0.0185833
0.0483683 0.167864 0.167885 0.0176158
0.663866 0.265254 0.182837 0.018391
0.138145 0.354607 0.187386 0.0180825
0.678073 0.428607 0.13356 0.0167541
0.250935 0.0207804 0.181345 0.019481
0.408639 0.318863 0.278062 0.0179095
0.919996 0.281893 0.048011 0.016203
0.112983 0.104043 0.194922 0.0184989
0.414667 0.599042 0.136173 0.0174031
0.600183 0.143836 0.164383 0.0186323
0.706398 0.181794 0.113166 0.0179286
0.466013 0.182259 0.117921 0.0158129
0.72498 0.278626 0.0443983 0.018208
0.762877 0.460333 0.133341 0.0191226
0.083205 0.191198 0.11573 0.0197222
0.960508 0.321167 0.264739 0.0149558
0.343497 0.502333 0.0442334 0.0184658
0.479625 0.285568 0.188169 0.0192672
0.804563 0.43114 0.121733 0.0185223
0.975148 0.274949 0.194804 0.0186418
0.382454 0.313607 0.278538 0.01922
0.668482 0.166129 0.287705 0.0175324
0.953379 0.309652 0.28085 0.0179182
0.718037 0.287215 0.189681 0.0180898
0.995275 0.283901 0.192099 0.0179395
0.808987 0.318765 0.274917 0.019705
0.423605 0.299363 0.272114 0.0179095
0.459543 0.311683 0.132136 0.0176874
0.43566 0.169613 0.110517 0.0194152
0.333987 0.485079 0.038802 0.0192638
0.276956 0.487132 0.0470912 0.018785
0.10096 0.112139 0.168893 0.0184989
0.358958 0.0664954 0.0277739 0.0163619
0.738546 0.307631 0.195096 0.0173479
0.346726 0.301516 0.274168 0.01922
0.786266 0.305481 0.27184 0.0176794
0.490167 0.105271 0.161933 0.0175789
0.779997 0.29668 0.042819 0.0170568
0.000795401 0.319574 0.190882 0.0178854
0.121103 0.0998401 0.171788 0.0164847
0.373969 0.458357 0.227704 0.0184169
0.122801 0.720915 0.175681 0.0178788
0.435917 0.633141 0.221962 0.0162327
0.958382 0.288337 0.287933 0.0176818
0.451585 0.0915994 0.163772 0.0188247
0.989765 0.317496 0.176684 0.0192847
0.000817956 0.338821 0.180582 0.0198052
0.627245 0.154911 0.0994853 0.0195623
0.242997 0.459373 0.040694 0.0163376
0.338244 0.27225 0.28341 0.018579
0.112368 0.434997 0.123409 0.0173494
0.278729 0.677847 0.2335 0.0156075
0.727522 0.352268 0.189459 0.0195058
0.81546 0.313104 0.0526122 0.0152723
0.366096 0.0610884 0.172622 0.0182857
0.00323831 0.3606 0.166945 0.0177944
0.529279 0.444646 0.116799 0.0180627
0.192966 0.105863 0.0796169 0.0158316
0.712577 0.276443 0.274256 0.0174967
0.316867 0.458818 0.0385507 0.0174762
0.0911702 0.161795 0.111485 0.0197222
0.315955 0.272613 0.278 0.0189797
0.580941 0.138674 0.100051 0.0152428
0.17708 0.233999 0.249256 0.0196008
0.222676 0.450066 0.0309281 0.0163376
0.834243 0.322071 0.0562054 0.0193536
0.335858 0.0502643 0.181825 0.0167649
0.900626 0.315214 0.0501461 0.0164196
0.562318 0.132327 0.0956172 0.0186988
0.254056 0.176886 0.29102 0.0174438
0.30031 0.259982 0.279346 0.0189128
0.291212 0.111891 0.2902 0.0175534
0.94222 0.261808 0.275308 0.0184567
0.647869 0.253689 0.278707 0.0182931
0.699658 0.382181 0.189363 0.0183398
0.136241 0.385338 0.17595 0.0180825
0.393291 0.251701 0.283959 0.0190836
0.298443 0.440052 0.0416041 0.0177214
0.556696 0.38924 0.173896 0.0168388
0.198674 0.00304033 0.169616 0.0191437
0.282629 0.250596 0.278718 0.0141336
0.874802 0.325594 0.0474189 0.0162691
0.434327 0.432822 0.114749 0.018776
0.112322 0.132685 0.105917 0.0160982
0.184444 0.436029 0.0452636 0.0173267
0.498774 0.520011 0.136462 0.0194797
0.148909 0.721575 0.1698 0.0177929
0.686159 0.389965 0.176083 0.0177452
0.123673 0.360586 0.0442099 0.0194057
0.166547 0.431885 0.0285704 0.0177582
0.430622 0.0846248 0.124577 0.0167433
0.131433 0.114654 0.107374 0.0171384
0.629207 0.246651 0.276913 0.0164901
0.273981 0.178992 0.290916 0.0173717
0.403627 0.499851 0.133719 0.0195833
0.175659 0.714852 0.170236 0.0195446
0.516058 0.115616 0.104092 0.0184849
0.32724 0.230571 0.0812392 0.0172731
0.238996 0.220237 0.0834814 0.0191773
0.262543 0.245172 0.275176 0.0162591
0.139715 0.427387 0.0414956 0.0168304
0.137845 0.410078 0.179883 0.0170916
0.213261 0.00880478 0.114947 0.019314
0.254801 0.40339 0.354303 0.0184848
0.283505 0.426485 0.0389702 0.0152041
0.132575 0.357034 0.131929 0.0181515
0.25283 0.710328 0.174614 0.0186393
0.487399 0.104945 0.121974 0.0199078
0.159117 0.356941 0.0552794 0.0194057
0.330057 0.357823 0.153258 0.018424
0.90607 0.410101 0.181679 0.0160007
0.875463 0.237525 0.273946 0.0152028
0.359811 0.412111 0.181683 0.019821
0.447304 0.449837 0.115874 0.019088
0.590241 0.231171 0.28405 0.0173802
0.215665 0.677499 0.164979 0.0175799
0.154287 0.100106 0.112535 0.015491
0.549621 0.458276 0.117093 0.0180627
0.398562 0.227886 0.281253 0.0184698
0.00581943 0.420479 0.179415 0.0169463
0.803443 0.454805 0.145104 0.0196054
0.0611419 0.664829 0.164814 0.0182423
0.231367 0.233591 0.272246 0.0187714
0.439552 0.190398 0.136487 0.0198752
0.102761 0.363821 0.0513925 0.017772
0.952972 0.35183 0.127584 0.0173363
0.358798 0.664549 0.16827 0.0180398
0.254989 0.410928 0.0495472 0.0171962
0.19987 0.3774 0.058185 0.016203
0.186157 0.015883 0.226675 0.0177427
0.176565 0.0920736 0.110499 0.0169996
0.731934 0.187675 0.296216 0.0172608
0.218751 0.386962 0.0530698 0.0198993
0.361637 0.448412 0.179045 0.0191212
0.508416 0.178697 0.33671 0.0178618
0.479529 0.462602 0.112577 0.0188757
0.439777 0.623068 0.145769 0.0192324
0.408584 0.076676 0.130855 0.0193312
0.794638 0.472359 0.176605 0.0196054
0.011366 0.467008 0.176532 0.0169047
0.221872 0.0886367 0.0831283 0.0155304
0.200786 0.0834529 0.109301 0.0170858
0.779689 0.480125 0.190189 0.0173266
0.410944 0.0778644 0.109084 0.0151617
0.714056 0.18385 0.140852 0.0177362
0.237096 0.395208 0.0450583 0.01894
0.100374 0.399286 0.0439551 0.0173975
0.486696 0.606447 0.160783 0.0192205
0.514453 0.199484 0.27114 0.0177608
0.203075 0.0604128 0.104866 0.0174521
0.486397 0.538707 0.133879 0.0181883
0.493956 0.188133 0.294949 0.0177608
0.321517 0.0443287 0.232233 0.0196268
0.365557 0.0617938 0.106165 0.0156208
0.235016 0.188909 0.290718 0.0194226
0.509507 0.567975 0.163701 0.0186149
0.35461 0.573871 0.15487 0.0194582
0.160583 0.186207 0.280962 0.0174213
0.402151 0.43322 0.130752 0.0199099
0.3812 0.191273 0.28993 0.0158529
0.202526 0.568328 0.174136 0.0195272
0.71828 0.183415 0.27658 0.0197638
0.185141 0.0356684 0.120193 0.0196023
0.311881 0.0427624 0.115842 0.0190812
0.504003 0.479269 0.115201 0.015757
0.108472 0.419614 0.0504669 0.0183881
0.521328 0.46902 0.112861 0.0158885
0.68936 0.173309 0.279932 0.0197638
0.904667 0.250728 0.0853545 0.0196261
0.288835 0.199068 0.29117 0.0173717
0.186314 0.367887 0.0425386 0.0196147
0.541943 0.541538 0.179512 0.0164541
0.774175 0.477076 0.162753 0.0191226
0.672203 0.167747 0.228534 0.0154868
0.131637 0.427441 0.0623691 0.01778
0.760142 0.197187 0.297303 0.0160294
0.563971 0.474731 0.117993 0.0140745
0.00840444 0.441732 0.179165 0.0177438
0.269477 0.0279217 0.119792 0.0164701
0.25539 0.197206 0.290737 0.0170492
0.854278 0.316467 0.0410599 0.0186629
0.0186369 0.5277 0.182379 0.0167433
0.315088 0.0432038 0.170793 0.015963
0.614672 0.147734 0.267463 0.0176224
0.380361 0.524706 0.154058 0.0181328
0.215615 0.404999 0.00265344 0.0171206
0.521125 0.200732 0.298243 0.0178414
0.594799 0.140845 0.270139 0.0191927
0.339992 0.502666 0.289979 0.0178045
0.576756 0.134587 0.277699 0.01928
0.209979 0.599381 0.184206 0.0195272
0.210612 0.440332 0.0447857 0.0173267
0.362671 0.630305 0.114163 0.0198355
0.296444 0.21921 0.290556 0.0149106
0.336474 0.620751 0.129883 0.0198355
0.528778 0.117746 0.277619 0.0186897
0.771444 0.467043 0.229553 0.0185979
0.0376111 0.612379 0.179237 0.0167872
0.388915 0.629411 0.121828 0.0171729
0.171752 0.103832 0.277526 0.0163805
0.092702 0.50472 0.169058 0.0188017
0.367933 0.211596 0.291455 0.0184698
0.366584 0.562791 0.114516 0.0189578
0.153341 0.558829 0.232027 0.0163271
0.103353 0.713994 0.196033 0.0188124
0.880832 0.301877 0.0398999 0.0186629
0.0274428 0.497934 0.155997 0.0133932
0.14108 0.355487 0.103347 0.0183014
0.0154895 0.485686 0.169737 0.0167952
0.951956 0.362724 0.232773 0.0187341
0.69416 0.423548 0.23183 0.0162478
0.343584 0.566904 0.114539 0.0169711
0.33941 0.609127 0.110436 0.0176133
0.543896 0.211978 0.290814 0.0196689
0.819055 0.217452 0.300688 0.018434
0.335609 0.587669 0.109221 0.0159683
0.396135 0.596628 0.117974 0.0173783
0.45164 0.180746 0.236915 0.0193719
0.262608 0.466825 0.0504177 0.018785
0.0746836 0.691149 0.177124 0.0181871
0.318682 0.445636 0.338705 0.017926
0.331062 0.0473531 0.26436 0.0195801
0.435726 0.587912 0.232025 0.0194648
0.262411 0.716821 0.193465 0.0186393
0.189596 0.247362 0.229544 0.0188037
0.218636 0.218363 0.0862454 0.0192034
0.137301 0.61437 0.11548 0.0184032
0.151815 0.6283 0.114566 0.0181421
0.316274 0.213122 0.29135 0.0167905
0.1328 0.429662 0.158715 0.017026
0.893494 0.286208 0.0398956 0.0164196
0.337049 0.222552 0.291237 0.018411
0.754795 0.286926 0.0414246 0.0183917
0.011307 0.416485 0.158636 0.0191903
0.767741 0.345465 0.131941 0.0158232
0.232382 0.0128588 0.265865 0.0185298
0.718735 0.286028 0.143448 0.0176733
0.885743 0.422377 0.171296 0.0185361
0.371942 0.432656 0.164216 0.019821
0.297744 0.512046 0.0464848 0.0184893
0.235375 0.0798174 0.069957 0.0187114
0.355319 0.525126 0.0566944 0.0185298
0.695598 0.27707 0.119278 0.0158959
0.388284 0.612559 0.272875 0.0153401
0.503243 0.453783 0.111168 0.0164435
0.914621 0.399587 0.158623 0.0177706
0.0593437 0.186104 0.243738 0.0176499
0.356306 0.230043 0.290825 0.016691
0.996998 0.287973 0.219689 0.0192101
0.04185 0.443454 0.240378 0.0199314
0.351928 0.359389 0.126589 0.0198001
0.402578 0.532376 0.134802 0.0181328
0.463091 0.522502 0.130177 0.019113
0.470502 0.0980464 0.185487 0.0175789
0.333134 0.373534 0.181058 0.018424
0.0249631 0.42914 0.233799 0.0160358
0.135276 0.366461 0.165914 0.0181435
0.526381 0.117572 0.191745 0.0161253
0.127755 0.435727 0.225389 0.0156756
0.0628007 0.146025 0.178368 0.0190343
0.864853 0.233374 0.294 0.0199533
0.483614 0.439656 0.109571 0.01812
0.320015 0.23693 0.289538 0.0189797
0.132161 0.420401 0.124058 0.0182494
0.0495706 0.16333 0.189664 0.0190123
0.408254 0.38826 0.109955 0.0181705
0.743884 0.193138 0.198646 0.0163928
0.0788017 0.222134 0.256636 0.0196423
0.156125 0.375477 0.279584 0.0166544
0.214979 0.0367351 0.0611656 0.0165529
0.00785912 0.292496 0.21936 0.0149306
0.325695 0.363118 0.197345 0.0186361
0.08634 0.433363 0.299994 0.0176706
0.801591 0.213428 0.186424 0.0184013
0.33789 0.211582 0.0790284 0.0187108
0.374659 0.163242 0.0807773 0.0190928
0.163626 0.381652 0.0155887 0.0193124
0.345741 0.0562424 0.0446408 0.0168201
0.119236 0.641008 0.11725 0.0181421
0.463706 0.431223 0.109043 0.0188757
0.879305 0.242542 0.0537542 0.0198277
0.442223 0.377309 0.10611 0.0181705
0.468212 0.24667 0.194718 0.0171906
0.0847997 0.4372 0.10796 0.0173494
0.879901 0.240903 0.183147 0.0175159
0.39653 0.356291 0.269569 0.0173675
0.192742 0.25546 0.188305 0.0160454
0.270689 0.290546 0.164841 0.019498
0.649428 0.251596 0.298585 0.0164509
0.92319 0.254542 0.285273 0.01626
0.848349 0.232756 0.0413275 0.0198277
0.139957 0.270341 0.188636 0.01718
0.416515 0.337224 0.275099 0.0177811
0.719541 0.287319 0.166773 0.01876
0.671704 0.260187 0.296182 0.0182931
0.230553 0.265552 0.188284 0.0184971
0.691288 0.275186 0.195908 0.0184551
0.435918 0.0883035 0.0599634 0.0156464
0.704189 0.270418 0.300619 0.0170367
0.227987 0.0118297 0.233868 0.0170836
0.0639358 0.428016 0.102495 0.0183364
0.767679 0.291466 0.295591 0.0169451
0.474564 0.278111 0.169753 0.0157272
0.786768 0.2976 0.298001 0.0176794
0.837554 0.329128 0.282344 0.019723
0.391899 0.331723 0.275145 0.0152915
0.262066 0.28661 0.184632 0.0183957
0.476225 0.411533 0.111086 0.0186868
0.848052 0.351107 0.0859839 0.0198203
0.466956 0.594077 0.133181 0.0187356
0.812616 0.308619 0.293538 0.0182166
0.132621 0.268374 0.163797 0.016727
0.12837 0.298788 0.192408 0.0169483
0.134873 0.417987 0.102972 0.0161261
0.0500572 0.41216 0.105276 0.0199944
0.130533 0.32711 0.184093 0.0162838
0.868376 0.336831 0.290613 0.0168039
0.652853 0.261827 0.16407 0.0177721
0.73672 0.333281 0.189629 0.0178982
0.769886 0.206579 0.039705 0.0194917
0.167715 0.646088 0.117172 0.0164255
0.72446 0.185895 0.237817 0.0179967
0.844231 0.412441 0.114036 0.0159808
0.0180496 0.28214 0.234637 0.0182628
0.536453 0.199754 0.0417446 0.0187635
0.267439 0.0996552 0.289416 0.0179843
0.116925 0.357131 0.291309 0.0195436
0.0575206 0.361788 0.28818 0.0161342
0.458724 0.139666 0.340745 0.0178443
0.062783 0.588607 0.229092 0.0168016
0.442659 0.590626 0.133165 0.0192324
0.217386 0.103102 0.28834 0.0199714
0.146784 0.654249 0.116475 0.0182489
0.00241108 0.379381 0.175803 0.0153845
0.53985 0.378547 0.187336 0.0160636
0.175005 0.381582 0.294339 0.0171663
0.761679 0.293159 0.27209 0.0174285
0.53955 0.215784 0.169909 0.0186319
0.672808 0.429599 0.231423 0.0170651
0.800161 0.213409 0.163434 0.0198558
0.513729 0.181679 0.0374581 0.0157549
0.0187653 0.369216 0.136996 0.017183
0.500741 0.552609 0.228459 0.0191285
0.926662 0.394971 0.198395 0.0188613
0.82426 0.41698 0.115231 0.0176868
0.641989 0.405001 0.186677 0.0188508
0.696436 0.177251 0.165063 0.0177362
0.282701 0.448527 0.304762 0.0171896
0.00319733 0.292853 0.192992 0.0178427
0.0460394 0.254908 0.130024 0.0163121
0.913405 0.251319 0.264481 0.0184567
0.629127 0.154038 0.154017 0.0186323
0.120354 0.435883 0.291722 0.019629
0.495089 0.172589 0.0368275 0.0157549
0.515704 0.388854 0.137885 0.0194869
0.0347616 0.385142 0.11629 0.0199944
0.27246 0.414102 0.355292 0.0174626
0.409861 0.244393 0.273552 0.0157062
0.863917 0.437344 0.191251 0.0181452
0.245972 0.0198884 0.128336 0.018901
0.896001 0.244686 0.282177 0.0159013
0.606582 0.23854 0.272264 0.0172718
0.918905 0.3436 0.0775939 0.0166727
0.757398 0.200244 0.0808902 0.0171172
0.545875 0.124875 0.158812 0.0198924
0.346947 0.23495 0.0824214 0.0176683
0.46476 0.393834 0.111015 0.0180996
0.834344 0.223055 0.279713 0.019985
0.37681 0.540277 0.289904 0.0180162
0.476799 0.157651 0.034625 0.0180857
0.335306 0.547823 0.295215 0.0177508
0.884007 0.400292 0.118486 0.0177211
0.748536 0.198528 0.0460853 0.0183302
0.468431 0.0977982 0.152285 0.0198236
0.345238 0.588283 0.0765932 0.0169798
0.641973 0.187538 0.0267464 0.019264
0.140044 0.0919153 0.167432 0.0171992
0.697292 0.416386 0.135711 0.0188679
0.384663 0.591806 0.289062 0.0151764
0.419451 0.0800834 0.16665 0.0192695
0.453708 0.159656 0.0388933 0.0182176
0.358438 0.515527 0.197455 0.01966
0.349873 0.0561468 0.119894 0.0194696
0.365301 0.608322 0.283506 0.0169902
0.264475 0.234574 0.0868497 0.0190662
0.628322 0.15792 0.0417969 0.0192186
0.399215 0.0815695 0.0294816 0.0165003
0.434491 0.152344 0.0393517 0.0169736
0.195855 0.0530795 0.170325 0.0168976
0.270539 0.0258857 0.295453 0.0171999
0.378318 0.575888 0.0876847 0.0196174
0.291673 0.659168 0.233127 0.0164115
0.255342 0.666615 0.231141 0.0189924
0.471483 0.19521 0.197206 0.0194656
0.318829 0.0428379 0.289199 0.0183021
0.564262 0.540082 0.193391 0.0176994
0.350321 0.0542565 0.281843 0.0175865
0.585377 0.14235 0.0492154 0.0182922
0.809788 0.381004 0.108951 0.0182391
0.206193 0.0650786 0.125386 0.0167999
0.572736 0.224085 0.0504312 0.0167839
0.0519354 0.189874 0.138333 0.0165389
0.245075 0.0708826 0.295665 0.0179417
0.285557 0.715097 0.167154 0.0186393
0.492315 0.193403 0.237846 0.0187024
0.157946 0.418304 0.289736 0.0171763
0.413296 0.449817 0.13147 0.019088
0.0944605 0.706752 0.169407 0.017595
0.289905 0.0938077 0.299626 0.0157876
0.390465 0.435015 0.227945 0.0193672
0.30696 0.700562 0.160266 0.0179368
0.294888 0.597096 0.19336 0.0177326
0.131755 0.160335 0.277473 0.0160122
0.383288 0.376393 0.115485 0.0196969
0.240364 0.0966488 0.288051 0.0199965
0.352064 0.464879 0.225612 0.0183777
0.423356 0.563925 0.232319 0.0185034
0.235486 0.692424 0.169459 0.0157066
0.316492 0.109839 0.29577 0.0175534
0.508275 0.110641 0.305997 0.0196439
0.922821 0.37296 0.114318 0.0187351
0.167196 0.255521 0.203348 0.0170515
0.534291 0.119831 0.301875 0.0179345
0.0399626 0.20819 0.145306 0.019913
0.227756 0.627404 0.190144 0.0179706
0.244813 0.63027 0.15934 0.0179706
0.550648 0.125464 0.291554 0.0173372
0.251147 0.618938 0.176125 0.0177002
0.222189 0.425083 0.00130585 0.0188792
0.105693 0.12021 0.124143 0.0199414
0.347332 0.130755 0.2941 0.0180756
0.189718 0.420861 0.00681714 0.0177582
0.178792 0.592773 0.130844 0.0182799
0.529849 0.119993 0.12091 0.0181552
0.359195 0.150071 0.292785 0.0164104
0.457328 0.257446 0.228795 0.019321
0.557495 0.129487 0.131436 0.0198924
0.310859 0.0994321 0.0392059 0.0171627
0.569825 0.423081 0.1393 0.0190682
0.047963 0.613495 0.154407 0.0197604
0.239837 0.70068 0.1937 0.0179041
0.496512 0.194499 0.0807831 0.0183501
0.373528 0.208629 0.0854683 0.0161329
0.773709 0.202925 0.234211 0.0193543
0.256957 0.43105 0.00181354 0.0192909
0.183921 0.712856 0.192536 0.0193455
0.3662 0.0599263 0.268948 0.0166065
0.0434819 0.203007 0.234949 0.0198897
0.328955 0.602055 0.155369 0.0194582
0.296809 0.600231 0.173088 0.0157494
0.439441 0.350248 0.108493 0.0166036
0.427502 0.562498 0.131386 0.016521
0.180406 0.0142808 0.198655 0.018266
0.286583 0.453502 0.361996 0.0163818
0.527545 0.21132 0.142854 0.0169555
0.734686 0.287421 0.0748041 0.019066
0.256184 0.0666756 0.0392981 0.0170066
0.0711321 0.174098 0.124577 0.0161668
0.340427 0.162078 0.291524 0.0180756
0.269482 0.460788 0.353213 0.0189334
0.44136 0.206796 0.240327 0.0197038
0.261148 0.0636548 0.316956 0.0166403
0.302608 0.0381369 0.204714 0.0196268
0.355719 0.0570837 0.191874 0.0167546
0.142197 0.688202 0.12698 0.0182489
0.367015 0.0635982 0.0562761 0.0163619
0.79712 0.305463 0.0500999 0.0167728
0.691987 0.176368 0.131132 0.0177362
0.0250912 0.545011 0.167136 0.0145332
0.248853 0.449805 0.354514 0.0196076
0.377534 0.563147 0.265018 0.0180921
0.457358 0.344514 0.120026 0.01742
0.135268 0.55579 0.135662 0.0191615
0.0892597 0.334266 0.112141 0.0199139
0.261442 0.047502 0.0332279 0.0169842
0.0432754 0.345373 0.109425 0.0171738
0.827584 0.395761 0.106918 0.0186346
0.121709 0.432536 0.269867 0.0170932
0.661393 0.263257 0.219558 0.0193199
0.0863299 0.123178 0.196477 0.0190343
0.322974 0.177408 0.291209 0.0155512
0.146517 0.412977 0.259824 0.0197328
0.724015 0.187588 0.122683 0.0179286
0.196736 0.669479 0.23659 0.0196668
0.422428 0.515655 0.1277 0.0169161
0.36395 0.180727 0.29234 0.0174383
0.743266 0.19423 0.121165 0.0177627
0.365881 0.509913 0.159714 0.0190278
0.869496 0.372232 0.270266 0.0175662
0.867783 0.361838 0.0853391 0.0186292
0.788901 0.326606 0.11099 0.0162886
0.423711 0.368031 0.271035 0.0177811
0.341282 0.192808 0.292137 0.018411
0.177546 0.364076 0.0608005 0.0163422
0.0213783 0.509683 0.206807 0.0170814
0.767171 0.202203 0.138657 0.0191914
0.569479 0.228571 0.185603 0.0174149
0.0168528 0.233953 0.193969 0.0178784
0.0485889 0.347018 0.275093 0.0188951
0.423551 0.212063 0.118444 0.0181765
0.339766 0.595035 0.229077 0.0188813
0.769629 0.30902 0.115083 0.017583
0.186908 0.214115 0.0925065 0.0192034
0.628732 0.252491 0.196282 0.0190677
0.021049 0.454986 0.154477 0.0177438
0.815138 0.219137 0.127912 0.0198558
0.315597 0.511007 0.0321994 0.0192638
0.0839197 0.221862 0.120188 0.0185494
0.435386 0.331864 0.26968 0.0179095
0.533573 0.52006 0.234968 0.0195946
0.721696 0.396398 0.136989 0.0198446
0.80024 0.212143 0.238577 0.0193543
0.0197211 0.259984 0.228944 0.0162835
0.807614 0.297405 0.320175 0.0197388
0.743554 0.292391 0.107899 0.019066
0.368448 0.328145 0.270114 0.01922
0.267936 0.426294 0.0553963 0.0173323
0.0759695 0.328249 0.267615 0.0195961
0.409852 0.469435 0.140099 0.0195564
0.298806 0.279689 0.106631 0.0197692
0.169025 0.19227 0.084697 0.0190049
0.118781 0.342507 0.109615 0.0192796
0.719201 0.28463 0.117372 0.0187033
0.147712 0.399955 0.35077 0.0189226
0.601369 0.428798 0.227794 0.019238
0.679556 0.272097 0.140137 0.0153833
0.491542 0.318459 0.194958 0.0192672
0.825303 0.283027 0.0288384 0.0175627
0.11068 0.253305 0.129493 0.0184766
0.408659 0.633416 0.137342 0.0169066
0.715991 0.281419 0.0789103 0.018208
0.412561 0.269848 0.274849 0.0181933
0.349965 0.0544706 0.233028 0.0198824
0.212924 0.444902 0.340174 0.0195532
0.675912 0.26523 0.265402 0.0182931
0.517816 0.358141 0.183476 0.0160636
0.942178 0.26194 0.296428 0.0176818
0.176932 0.235777 0.125211 0.0154634
0.979921 0.334459 0.183101 0.0193434
0.507809 0.111324 0.173044 0.0161253
0.461857 0.227381 0.205347 0.0198011
0.305638 0.487762 0.0213404 0.0192638
0.318273 0.550516 0.0741517 0.0183608
0.774243 0.264227 0.341383 0.0194464
0.179544 0.599116 0.238806 0.0190502
0.247784 0.251254 0.262748 0.0158911
0.00501021 0.312561 0.163532 0.0198052
0.885059 0.24344 0.114975 0.0196261
0.64808 0.260086 0.118436 0.0170509
0.123251 0.411209 0.0328292 0.0167692
0.824155 0.220336 0.240447 0.0188047
0.217228 0.249963 0.130616 0.0170442
0.929632 0.32316 0.296662 0.0179182
0.207934 0.232254 0.26446 0.0196008
0.582928 0.397 0.187072 0.0182535
0.855107 0.230327 0.276486 0.0189842
0.91307 0.346022 0.291489 0.0185419
0.663175 0.400342 0.188106 0.0165182
0.690472 0.27578 0.158728 0.0176733
0.473256 0.293103 0.155089 0.0169455
0.554723 0.21819 0.271375 0.0148973
0.631574 0.213708 0.0300241 0.0181512
0.535183 0.210589 0.255405 0.0172322
0.31172 0.530663 0.0500846 0.0183608
0.184404 0.211662 0.274396 0.0196008
0.672621 0.269083 0.164907 0.0184551
0.740182 0.262919 0.339439 0.0173317
0.596302 0.467655 0.121206 0.0183586
0.881483 0.426858 0.192454 0.0173896
0.452248 0.229216 0.228305 0.0198011
0.268182 0.649346 0.232201 0.0195787
0.771982 0.201514 0.275963 0.0156977
0.364185 0.546219 0.0665961 0.0195376
0.201716 0.392025 0.298184 0.0171663
0.0614152 0.387707 0.301656 0.0175395
0.717031 0.24487 0.343283 0.0184128
0.185931 0.252286 0.166948 0.0172714
0.816202 0.463085 0.18869 0.0196737
0.493088 0.189482 0.274759 0.0187024
0.669177 0.268227 0.117724 0.0160084
0.491425 0.559495 0.134248 0.017186
0.957318 0.269175 0.13533 0.015837
0.13402 0.185356 0.273415 0.017489
0.364095 0.545042 0.0903426 0.0196174
0.183009 0.403988 0.29368 0.0171763
0.345756 0.489926 0.194936 0.01966
0.411489 0.187305 0.272377 0.0173649
0.204723 0.640951 0.138057 0.0167246
0.113923 0.177788 0.269134 0.0159731
0.528479 0.118642 0.171137 0.0150815
0.146788 0.253299 0.229184 0.0178566
0.322374 0.486688 0.295223 0.0191789
0.62681 0.250989 0.227545 0.0196213
0.113525 0.561295 0.136283 0.0180714
0.518006 0.207927 0.162681 0.0187255
0.287385 0.239337 0.0858783 0.0185672
0.408483 0.479063 0.232062 0.0165468
0.454547 0.219472 0.157123 0.0195954
0.109649 0.523298 0.191481 0.0190028
0.328998 0.527023 0.295889 0.0178045
0.488812 0.19857 0.157992 0.0182382
0.127272 0.138654 0.273299 0.0171552
0.347571 0.569237 0.303604 0.0184813
0.776234 0.239666 0.344225 0.0198766
0.832609 0.303364 0.0343695 0.0175629
0.816598 0.224354 0.336576 0.0188526
0.649545 0.161059 0.158065 0.0188887
0.808953 0.299079 0.0347469 0.0184878
0.200435 0.564829 0.19817 0.019477
0.222322 0.0553763 0.0583 0.0179804
0.131564 0.581222 0.124868 0.0184032
0.727274 0.469298 0.131543 0.0185616
0.581593 0.13763 0.149135 0.0198924
0.179327 0.090718 0.263485 0.0176548
0.333305 0.589538 0.19812 0.0188813
0.780689 0.463296 0.143944 0.0196054
0.227931 0.0327662 0.302113 0.019013
0.447391 0.0888536 0.274365 0.0151991
0.123653 0.197651 0.10395 0.0170649
0.516234 0.114573 0.152503 0.0149847
0.484127 0.616637 0.192267 0.0178583
0.911114 0.252488 0.127175 0.018979
0.299079 0.308215 0.136234 0.0195793
0.692355 0.224068 0.344808 0.018789
0.455848 0.095329 0.0674826 0.0156297
0.398852 0.662615 0.193598 0.0161465
0.0489643 0.648833 0.184141 0.0177366
0.466271 0.192294 0.161056 0.0198752
0.361368 0.666735 0.190812 0.015894
0.0531304 0.316252 0.118462 0.0192802
0.27499 0.0276842 0.269303 0.016716
0.347447 0.0547276 0.159415 0.0193126
0.312757 0.527238 0.0753744 0.0184893
0.473941 0.0983867 0.302668 0.0196439
0.796356 0.218332 0.338394 0.0198766
0.742374 0.273193 0.0332806 0.0168719
0.197086 0.0133041 0.260454 0.0176789
0.747289 0.384514 0.13017 0.0198446
0.287993 0.0339598 0.156952 0.0198907
0.397589 0.624043 0.255225 0.0176722
0.775727 0.219312 0.342362 0.0150758
0.656017 0.210163 0.344575 0.018119
0.164133 0.559957 0.134101 0.017864
0.710789 0.256828 0.0313011 0.019625
0.178376 0.0170651 0.163864 0.0191437
0.369824 0.132194 0.30076 0.0164301
0.901147 0.261459 0.0377692 0.017212
0.352011 0.558024 0.268043 0.0192192
0.127045 0.653973 0.254933 0.0180869
0.609387 0.146055 0.308835 0.0185138
0.411058 0.1473 0.305275 0.0177541
0.679514 0.172628 0.111432 0.016195
0.228949 0.0129684 0.191028 0.0181755
0.456861 0.409897 0.266492 0.0184471
0.436892 0.404097 0.265659 0.0168179
0.661079 0.238056 0.0317086 0.0148289
0.314669 0.678939 0.151598 0.0174705
0.0836194 0.691776 0.15745 0.0190823
0.59954 0.144821 0.112584 0.0186375
0.892317 0.244576 0.227053 0.0194151
0.896735 0.388083 0.257816 0.0186094
0.441827 0.383207 0.269464 0.0159685
0.625108 0.242349 0.299047 0.0168714
0.0819334 0.572561 0.131327 0.0188448
0.413155 0.536036 0.239997 0.0188466
0.462203 0.616781 0.150091 0.0192324
0.844362 0.36834 0.267385 0.0171185
0.677896 0.170115 0.202749 0.0188575
0.826749 0.226382 0.035213 0.0174346
0.442553 0.360062 0.269423 0.0177811
0.736262 0.20119 0.340446 0.0171467
0.354373 0.522745 0.0775059 0.0173839
0.93284 0.363715 0.261305 0.0187341
0.895272 0.364283 0.0845576 0.0177739
0.098091 0.59471 0.12276 0.0176069
0.204299 0.592921 0.164205 0.0168167
0.0691562 0.607444 0.232737 0.0148557
0.609722 0.245589 0.134532 0.0178342
0.852773 0.324994 0.296182 0.0180571
0.539133 0.215221 0.1907 0.0193921
0.0410478 0.582683 0.154204 0.0197604
0.460076 0.0953469 0.117305 0.0199567
0.211839 0.247174 0.243605 0.0194125
0.0323591 0.342833 0.261693 0.0188486
0.886336 0.336098 0.300097 0.0185419
0.832741 0.224209 0.195701 0.0179118
0.789049 0.365785 0.116487 0.0163442
0.0849727 0.356588 0.294552 0.0195436
0.124083 0.361769 0.310457 0.019475
0.169611 0.248705 0.225542 0.0163735
0.156026 0.369609 0.307383 0.0184881
0.387358 0.0694759 0.111489 0.0164486
0.587607 0.532969 0.168863 0.0177252
0.924362 0.384256 0.136124 0.0177706
0.656399 0.188516 0.343805 0.0153145
0.806714 0.341714 0.261649 0.019723
0.605072 0.512554 0.23244 0.0171011
0.533656 0.17673 0.0330231 0.0179661
0.22582 0.403748 0.299847 0.0182054
0.157595 0.529643 0.162622 0.0178192
0.339711 0.0527168 0.101736 0.0190812
0.69574 0.179759 0.333123 0.0161531
0.0969587 0.523672 0.163953 0.0167398
0.793634 0.323776 0.260839 0.0171386
0.94001 0.27033 0.0577297 0.0145578
0.638186 0.515749 0.159031 0.0198629
0.660298 0.509762 0.158725 0.0192438
0.0261848 0.450908 0.226121 0.0180356
0.310711 0.0588415 0.0241219 0.0199489
0.555313 0.184416 0.341981 0.0185102
0.205815 0.00447949 0.238148 0.0162633
0.316973 0.290727 0.267702 0.018579
0.276078 0.300107 0.201279 0.017682
0.740149 0.285516 0.270457 0.0174967
0.718797 0.493498 0.157544 0.0167508
0.496773 0.383711 0.129602 0.0179965
0.157332 0.23951 0.240803 0.01835
0.0833101 0.476851 0.158253 0.0188017
0.602013 0.207833 0.342074 0.0187741
0.740796 0.477279 0.230337 0.0185979
0.28436 0.269783 0.265936 0.015849
0.600394 0.2401 0.223751 0.0178996
0.654252 0.258663 0.257714 0.0185993
0.944615 0.379424 0.187714 0.0177565
0.73934 0.296464 0.142019 0.01876
0.0803354 0.460775 0.23181 0.0168683
0.581671 0.232799 0.221833 0.0173674
0.358423 0.591185 0.29432 0.0147744
0.839503 0.444535 0.157651 0.0173847
0.896705 0.402702 0.135462 0.0177706
0.49201 0.104885 0.237932 0.0183119
0.0822373 0.632939 0.127439 0.0155533
0.0214439 0.432164 0.149069 0.0191903
0.805759 0.233277 0.0260644 0.0186752
0.7019 0.469113 0.127553 0.0181646
0.404702 0.131062 0.332269 0.017903
0.290473 0.0330329 0.29692 0.0180447
0.123267 0.672019 0.121806 0.0182489
0.413541 0.140143 0.0368801 0.0159314
0.636777 0.409549 0.164424 0.0162749
0.615426 0.409592 0.16378 0.0182095
0.162898 0.20719 0.27088 0.0174213
0.325443 0.509172 0.0804225 0.0175627
0.134467 0.412371 0.146409 0.0170916
0.135381 0.431226 0.185867 0.0166359
0.267976 0.0825096 0.300785 0.0179417
0.114358 0.42873 0.0999444 0.0172112
0.743422 0.493961 0.197748 0.0162777
0.0124003 0.485944 0.190943 0.0170814
0.390582 0.129829 0.0364384 0.0190783
0.569006 0.140893 0.339031 0.0192776
0.179701 0.37965 0.0814122 0.016203
0.696608 0.39126 0.157623 0.0195448
0.342798 0.115089 0.305827 0.0184054
0.699794 0.508179 0.194078 0.0156615
0.448035 0.415189 0.108319 0.0186418
0.422138 0.538999 0.125051 0.0164337
0.636951 0.525054 0.19684 0.0187738
0.565605 0.225856 0.232078 0.0188281
0.612708 0.531509 0.190007 0.0177252
0.533642 0.137591 0.342265 0.0192379
0.632647 0.153989 0.305236 0.0175172
0.346751 0.107881 0.0340033 0.0175201
0.208234 0.0609226 0.235289 0.0186799
0.664279 0.246324 0.331761 0.0183053
0.0222737 0.546487 0.189924 0.0152539
0.504167 0.115977 0.338041 0.0168918
0.395854 0.151747 0.0758383 0.017148
0.68176 0.170669 0.302113 0.0165365
0.236064 0.416886 0.0588586 0.0198993
0.594851 0.236548 0.247397 0.0188281
0.17801 0.0848795 0.129938 0.0175073
0.475891 0.177804 0.309805 0.0190106
0.479233 0.105812 0.038017 0.017294
0.717621 0.415477 0.129464 0.0184627
0.123718 0.315113 0.167135 0.0161413
0.749447 0.414517 0.121774 0.0189846
0.212979 0.68136 0.208997 0.0197923
0.436367 0.39803 0.107019 0.0186325
0.749272 0.376833 0.233838 0.0177855
0.796205 0.274431 0.340121 0.0197388
0.819582 0.446679 0.231108 0.0192479
0.204594 0.047191 0.26187 0.0176789
0.685682 0.484696 0.135812 0.018548
0.0679266 0.591577 0.134443 0.0197604
0.444456 0.642995 0.186092 0.0156848
0.767684 0.432804 0.120533 0.0166753
0.00518322 0.28994 0.171669 0.0178854
0.424038 0.65329 0.188757 0.0167934
0.726804 0.286753 0.223444 0.0180898
0.157912 0.431299 0.0501183 0.0150893
0.54936 0.425816 0.130953 0.0195781
0.151133 0.401004 0.10663 0.0182494
0.610728 0.148132 0.131874 0.0195623
0.205531 0.417339 0.0617998 0.0198993
0.201898 0.695886 0.199757 0.0197923
0.474376 0.52581 0.237399 0.0174161
0.789933 0.260689 0.0266571 0.0176079
0.786187 0.440757 0.124893 0.0186363
0.434421 0.228006 0.127746 0.0178144
0.426212 0.489782 0.233382 0.0184266
0.22917 0.435472 0.0539773 0.0163376
0.729429 0.278508 0.299129 0.0174967
0.0861704 0.702965 0.190838 0.0167473
0.282712 0.439637 0.0587211 0.0183865
0.32903 0.05118 0.0348148 0.0175743
0.61974 0.249444 0.15611 0.0162299
0.938905 0.298236 0.299728 0.0165212
0.0638643 0.437421 0.270392 0.019918
0.549481 0.219005 0.221106 0.019553
0.103721 0.440353 0.263272 0.0189499
0.0489895 0.422161 0.272109 0.0198427
0.250163 0.0200343 0.204553 0.0175806
0.48379 0.433018 0.263678 0.0186028
0.848757 0.23775 0.335798 0.0186091
0.546971 0.219203 0.151405 0.0161447
0.826847 0.222891 0.154003 0.0196252
0.143257 0.367079 0.233797 0.01637
0.15304 0.0876017 0.197821 0.0171992
0.776709 0.205333 0.16027 0.0155809
0.503642 0.109372 0.202529 0.0161253
0.481556 0.413134 0.263519 0.0183451
0.724074 0.186954 0.163062 0.0164608
0.153409 0.162611 0.0798906 0.0190049
0.596591 0.142087 0.196253 0.0180014
0.202774 0.411974 0.299248 0.0166147
0.291319 0.49063 0.0618123 0.0185102
0.692563 0.17553 0.186343 0.0182454
0.419764 0.389615 0.266288 0.0172904
0.661845 0.16606 0.12564 0.0188887
0.802199 0.349529 0.109108 0.0163442
0.0384962 0.41873 0.125098 0.0187755
0.447281 0.516645 0.238907 0.0184266
0.401286 0.379776 0.263413 0.0170651
0.243889 0.413938 0.301887 0.0190684
0.771615 0.202607 0.201685 0.0187064
0.187115 0.0780255 0.159122 0.0175073
0.873414 0.391076 0.261752 0.0178279
0.142898 0.432324 0.301373 0.019629
0.568062 0.441251 0.12722 0.0177322
0.285365 0.632038 0.229908 0.0164115
0.0103256 0.255496 0.199723 0.0178784
0.304981 0.463617 0.300578 0.0191789
0.466392 0.386524 0.263945 0.0159685
0.370618 0.358152 0.113987 0.0198001
0.34337 0.563198 0.0575375 0.0181796
0.340461 0.480679 0.303244 0.0188581
0.246857 0.265876 0.240617 0.0195187
0.0373292 0.22359 0.236769 0.0186819
0.844522 0.433512 0.233125 0.0192479
0.941924 0.352914 0.110826 0.0187351
0.668252 0.266221 0.084162 0.01618
0.261174 0.0261635 0.063173 0.0182168
0.158218 0.11031 0.0948303 0.0158621
0.827096 0.355606 0.266208 0.019723
0.123092 0.356327 0.266189 0.0172608
0.256335 0.19308 0.0740454 0.0191773
0.392114 0.580274 0.133469 0.0170786
0.349423 0.379888 0.145635 0.0178931
0.375094 0.34716 0.265011 0.0176818
0.58248 0.201754 0.340886 0.0197288
0.330805 0.668995 0.159713 0.0180398
0.234167 0.672484 0.154292 0.0178507
0.955397 0.343156 0.254096 0.0184361
0.248356 0.276215 0.20724 0.0195187
0.37727 0.0638078 0.307153 0.017268
0.40436 0.073478 0.311381 0.0183196
0.0511101 0.327212 0.267574 0.0143909
0.516906 0.205465 0.224285 0.019553
0.416837 0.0810305 0.0718601 0.0164351
0.308429 0.0970562 0.310696 0.0190671
0.281828 0.0324392 0.101827 0.0173808
0.50482 0.343988 0.197558 0.0180229
0.000388151 0.362498 0.191228 0.0177596
0.0593109 0.307541 0.262351 0.019027
0.26698 0.606165 0.166653 0.0173687
0.648404 0.16299 0.0782967 0.0190741
0.141437 0.37011 0.206287 0.0184752
0.543659 0.479026 0.116113 0.0158015
0.424152 0.338342 0.103503 0.0182879
0.320617 0.309355 0.256755 0.0197316
0.342412 0.328424 0.11388 0.0175512
0.207297 0.376872 0.0380642 0.0187269
0.527249 0.172707 0.341973 0.0193234
0.972761 0.303136 0.260864 0.017656
0.288465 0.104774 0.056875 0.0179216
0.378906 0.57007 0.162002 0.0189367
0.432873 0.155422 0.317508 0.0174918
0.139892 0.366887 0.0327195 0.0191991
0.373942 0.086455 0.0249034 0.0165003
0.177308 0.549769 0.151501 0.0178192
0.441883 0.541781 0.121466 0.017573
0.49768 0.152899 0.342279 0.0193234
0.32241 0.12007 0.0593325 0.0193172
0.702141 0.487695 0.232384 0.0181476
0.523642 0.541425 0.165826 0.0176016
0.14789 0.414486 0.0854193 0.0173981
0.351503 0.399195 0.198704 0.0150855
0.696009 0.275579 0.227803 0.0193199
0.0278504 0.400066 0.131074 0.0191903
0.13421 0.533447 0.161386 0.0191615
0.34198 0.131591 0.0632934 0.0193172
0.833763 0.222473 0.313505 0.019985
0.463791 0.554957 0.121205 0.0180778
0.00484994 0.415954 0.199331 0.0176784
0.606334 0.234709 0.302843 0.0179977
0.0669886 0.628159 0.230456 0.0197626
0.883514 0.239786 0.300919 0.0146071
0.367059 0.424257 0.19652 0.0179404
0.904626 0.247291 0.304638 0.0184006
0.400527 0.0910818 0.340111 0.0172899
0.336 0.598531 0.129541 0.0164676
0.421318 0.0960187 0.0267984 0.0159432
0.637784 0.256531 0.140759 0.0178342
0.577161 0.227807 0.266987 0.0185479
0.686957 0.504702 0.160939 0.0173219
0.322262 0.304603 0.110932 0.0167678
0.154948 0.713383 0.220791 0.0188983
0.936733 0.277358 0.308027 0.017311
0.623423 0.154883 0.0637082 0.0192585
0.00950296 0.456248 0.194065 0.0156618
0.982594 0.277513 0.23357 0.0180199
0.143874 0.210106 0.265139 0.0183367
0.383256 0.573991 0.110238 0.0175147
0.797145 0.210545 0.264345 0.0156977
0.676161 0.514456 0.198537 0.0170046
0.693695 0.179605 0.0561624 0.0180537
0.786013 0.28118 0.0300254 0.0184878
0.18965 0.123412 0.289526 0.0163805
0.494687 0.190704 0.055901 0.0187919
0.961976 0.333467 0.118848 0.017237
0.446731 0.121868 0.341675 0.0185877
0.377562 0.541335 0.19231 0.0160665
0.111945 0.198641 0.264708 0.017489
0.709681 0.278331 0.243029 0.0175475
0.959752 0.271326 0.0882345 0.0194853
0.874846 0.277521 0.0335965 0.0185901
0.148391 0.594305 0.120961 0.0178341
0.126242 0.289318 0.221331 0.0190311
0.414034 0.601655 0.23642 0.0194648
0.363192 0.568922 0.1998 0.0182903
0.547186 0.216804 0.0625241 0.0184394
0.426147 0.172079 0.26466 0.0184098
0.367276 0.646439 0.134487 0.0189484
0.223932 0.390889 0.315443 0.0191266
0.108128 0.150408 0.265561 0.0159731
0.169218 0.615414 0.119934 0.0172141
0.116411 0.611958 0.117653 0.0184032
0.499058 0.601146 0.192184 0.0181477
0.350114 0.487751 0.223435 0.01966
0.184587 0.425884 0.307351 0.0171763
0.127409 0.120735 0.263405 0.0187914
0.549156 0.124918 0.270891 0.01928
0.076021 0.415081 0.309343 0.0175395
0.604653 0.241975 0.06667 0.0157269
0.261808 0.42508 0.304615 0.0175215
0.605041 0.24398 0.0979502 0.0170258
0.64165 0.491325 0.132803 0.0193175
0.16243 0.39875 0.0897212 0.0171278
0.10678 0.43705 0.306467 0.0194924
0.469263 0.0967138 0.263244 0.019981
0.739057 0.356218 0.153149 0.0190611
0.219438 0.239764 0.10741 0.0185333
0.34027 0.673686 0.198059 0.0160212
0.423542 0.619142 0.234072 0.0180858
0.0936641 0.491198 0.207609 0.0184463
0.638428 0.236122 0.0353743 0.0163751
0.32605 0.691081 0.201281 0.0198049
0.48657 0.315515 0.161116 0.014842
0.338083 0.61937 0.240039 0.0192067
0.29998 0.48312 0.307234 0.0168616
0.118359 0.324152 0.149277 0.01598
0.40363 0.229264 0.102948 0.0163222
0.311766 0.5018 0.305328 0.0178045
0.116051 0.300316 0.152876 0.014505
0.61858 0.231154 0.0375519 0.0162057
0.382778 0.55928 0.298685 0.0175901
0.0965992 0.649352 0.123797 0.0186407
0.318993 0.0442246 0.191039 0.0187485
0.433504 0.112236 0.0274824 0.0191706
0.202955 0.0741708 0.204792 0.0186799
0.24842 0.0197115 0.309785 0.0179841
0.343738 0.607559 0.256519 0.0175876
0.915715 0.302112 0.0531006 0.0170318
0.346623 0.587811 0.258782 0.0192192
0.228252 0.263085 0.167646 0.0174522
0.0971071 0.428738 0.0831166 0.0176184
0.467406 0.255005 0.168873 0.0163919
0.340082 0.0505675 0.299734 0.0187695
0.548452 0.125063 0.211017 0.0155475
0.588915 0.216632 0.0369341 0.0161355
0.768082 0.367001 0.1261 0.0150124
0.0629826 0.146852 0.201483 0.0197751
0.929335 0.321817 0.0714701 0.0181002
0.447479 0.0888301 0.297028 0.014896
0.465188 0.117444 0.0278342 0.0191706
0.0336584 0.1959 0.208823 0.0197195
0.0198997 0.232031 0.167267 0.019913
0.506437 0.449341 0.260518 0.0181282
0.492661 0.199686 0.198886 0.018308
0.0239426 0.218953 0.207948 0.0186819
0.794541 0.210669 0.205067 0.0193543
0.391021 0.518932 0.23492 0.0191745
0.37019 0.0763588 0.338519 0.0171168
0.384423 0.131762 0.316933 0.0177541
0.568362 0.196249 0.0333888 0.0193382
0.125951 0.348496 0.0640171 0.0194057
0.605043 0.242646 0.200574 0.0183544
0.411579 0.16304 0.0953834 0.0183866
0.22556 0.0127911 0.131326 0.0182699
0.663086 0.167504 0.0947223 0.0166413
0.637777 0.455617 0.244391 0.0152671
0.449803 0.166342 0.306206 0.0187087
0.650305 0.439012 0.235843 0.0161701
0.0135043 0.331145 0.144623 0.0198052
0.851973 0.396612 0.260249 0.0178279
0.46914 0.596177 0.234992 0.017615
0.506178 0.191794 0.310792 0.0189467
0.876864 0.419967 0.146884 0.0180028
0.329737 0.0487723 0.136707 0.0194696
0.708852 0.281748 0.209205 0.017729
0.4482 0.0907097 0.142093 0.0180322
0.831237 0.389277 0.261135 0.0180619
0.575607 0.148228 0.0295889 0.0189503
0.918906 0.380343 0.252273 0.0179675
0.0808116 0.399397 0.0603751 0.0184796
0.0275882 0.373052 0.258917 0.0188951
0.164739 0.0838866 0.160982 0.0175073
0.10763 0.152143 0.101407 0.0167689
0.8142 0.370107 0.260424 0.0183948
0.460819 0.366527 0.261926 0.0157843
0.395107 0.071563 0.162027 0.0193312
0.505057 0.150372 0.0303417 0.0157434
0.458769 0.57819 0.243558 0.0175733
0.363883 0.0606998 0.148969 0.0194696
0.0598715 0.218494 0.127076 0.0165389
0.301626 0.329517 0.200479 0.0189516
0.104477 0.339919 0.256742 0.0188473
0.253736 0.0220599 0.161212 0.0198907
0.921645 0.303495 0.310067 0.0159911
0.291067 0.302688 0.235504 0.0197316
0.351374 0.332076 0.260451 0.0178991
0.826851 0.308423 0.308529 0.0182166
0.524415 0.36868 0.199296 0.0189181
0.848254 0.313542 0.313546 0.017221
0.614648 0.165102 0.0285461 0.0192186
0.907218 0.325176 0.309626 0.0162554
0.969476 0.327445 0.24433 0.0189798
0.137168 0.100276 0.12682 0.0158847
0.562762 0.392293 0.194386 0.0151891
0.650113 0.160039 0.232544 0.0197843
0.262642 0.704802 0.155448 0.0180393
0.369007 0.481532 0.233787 0.0173123
0.659875 0.407155 0.207263 0.0187611
0.862313 0.268142 0.336377 0.0169919
0.444455 0.308784 0.256505 0.0177998
0.184362 0.375855 0.319513 0.0184881
0.630561 0.435134 0.232288 0.0188866
0.252737 0.443119 0.0562676 0.0183865
0.0929561 0.14241 0.11739 0.0199865
0.984561 0.301562 0.242069 0.0192101
0.0625045 0.644226 0.146249 0.0182423
0.355812 0.456802 0.198181 0.0184169
0.42217 0.161401 0.0758847 0.0151716
0.118438 0.321759 0.230768 0.0195362
0.315566 0.464132 0.0580938 0.0177214
0.221816 0.639653 0.157746 0.0172966
0.694297 0.271802 0.25901 0.0157511
0.241706 0.432681 0.309069 0.0180811
0.285151 0.429298 0.310897 0.0175215
0.946102 0.263488 0.253346 0.0184885
0.800711 0.214791 0.0914171 0.0179988
0.311035 0.612565 0.159127 0.0171824
0.331155 0.481927 0.0594756 0.0174531
0.721742 0.501419 0.195393 0.014344
0.206874 0.615895 0.15221 0.0167246
0.88962 0.243035 0.253728 0.0175949
0.311232 0.443878 0.316349 0.017926
0.328225 0.458136 0.316557 0.0191789
0.417674 0.226189 0.265925 0.0154056
0.344949 0.579877 0.137897 0.0192874
0.069826 0.154934 0.236828 0.0189248
0.588654 0.53603 0.18895 0.0189967
0.537779 0.196381 0.332652 0.0185102
0.449318 0.493578 0.131905 0.0183197
0.447256 0.262551 0.13532 0.0175575
0.358369 0.499874 0.306667 0.017109
0.330642 0.571863 0.0948802 0.0163778
0.483801 0.192238 0.126126 0.0169231
0.619558 0.149588 0.235999 0.0197843
0.716756 0.196114 0.028868 0.0187312
0.0359013 0.559118 0.155246 0.0149648
0.123034 0.216466 0.260781 0.0173802
0.398493 0.545803 0.15154 0.0158369
0.108349 0.540716 0.154327 0.0191615
0.722076 0.22152 0.344725 0.0171467
0.34914 0.549176 0.105279 0.0163418
0.311552 0.0790103 0.0285586 0.0184732
0.376529 0.301225 0.0950633 0.0163272
0.0924204 0.193814 0.261165 0.0169612
0.756667 0.196502 0.262347 0.018434
0.786463 0.209046 0.138061 0.0198558
0.477552 0.182199 0.263103 0.0193719
0.32551 0.045354 0.312986 0.0187695
0.239596 0.0527282 0.305684 0.0179841
0.441211 0.0976978 0.339258 0.0194745
0.473382 0.454935 0.258307 0.0186028
0.0763612 0.506186 0.15422 0.0194835
0.462897 0.632451 0.194118 0.0177905
0.0247742 0.518304 0.161676 0.0145332
0.285807 0.0832226 0.316102 0.0190671
0.672601 0.167588 0.267059 0.0181551
0.277993 0.0696781 0.0326566 0.0199489
0.431644 0.0832825 0.308777 0.0184196
0.456024 0.0922774 0.317824 0.0194745
0.348533 0.0599268 0.334057 0.0187695
0.0673303 0.679723 0.203528 0.0186489
0.326701 0.102808 0.316714 0.0184054
0.0859794 0.129467 0.22448 0.0189248
0.379574 0.0676665 0.0720028 0.0164894
0.345181 0.478497 0.162316 0.019492
0.257815 0.70714 0.212441 0.0179041
0.745571 0.480338 0.150303 0.0191226
0.150014 0.107181 0.267114 0.0187914
0.134594 0.236332 0.12705 0.0170759
0.157182 0.722976 0.19195 0.0188983
0.127597 0.413788 0.340469 0.0189226
0.156897 0.23638 0.130385 0.0170759
0.068961 0.385178 0.0696029 0.0171898
0.105244 0.451217 0.155447 0.0184639
0.114469 0.233013 0.12104 0.018589
0.362786 0.0592754 0.213642 0.0199323
0.401712 0.0731155 0.208999 0.0157701
0.857088 0.434132 0.154419 0.0188245
0.183025 0.0796711 0.2064 0.0173947
0.424835 0.0812989 0.213098 0.0163251
0.799949 0.210805 0.315942 0.0185796
0.54521 0.207849 0.317909 0.0196689
0.425429 0.363866 0.103281 0.0181705
0.37921 0.635351 0.255803 0.0173318
0.133573 0.0946894 0.198335 0.0182699
0.158843 0.371505 0.338919 0.0184881
0.364702 0.503132 0.22501 0.0195952
0.56094 0.400602 0.156796 0.0195781
0.563912 0.130646 0.199179 0.0180014
0.0874022 0.241694 0.122829 0.0166656
0.687607 0.262462 0.313534 0.0172632
0.371903 0.188792 0.0828875 0.0168346
0.540532 0.382685 0.163245 0.0195353
0.402106 0.364984 0.1052 0.0182879
0.526171 0.116806 0.246023 0.0186897
0.362114 0.135054 0.0601139 0.0190783
0.0087483 0.377862 0.154377 0.0156757
0.51819 0.207313 0.201956 0.019553
0.724342 0.369801 0.15704 0.0198446
0.265393 0.475156 0.0276567 0.0155765
0.984651 0.320914 0.214323 0.0193434
0.879532 0.321607 0.31472 0.017221
0.509187 0.349996 0.166655 0.0168413
0.132146 0.344615 0.162302 0.0181435
0.853319 0.231362 0.198806 0.0175497
0.714498 0.265708 0.327896 0.0170367
0.749647 0.336545 0.151885 0.0162274
0.662996 0.168697 0.0623868 0.0180537
0.893477 0.245437 0.199684 0.0170876
0.511017 0.426807 0.257372 0.0169484
0.463523 0.178183 0.0658302 0.0186029
0.449552 0.42957 0.261445 0.0186028
0.747309 0.314926 0.154859 0.0171515
0.468506 0.260007 0.210202 0.019321
0.252055 0.662528 0.142207 0.0184663
0.98614 0.279456 0.164202 0.0168475
0.0511438 0.376337 0.0918027 0.0199944
0.733123 0.192557 0.065797 0.0165646
0.219004 0.633954 0.208936 0.0182294
0.427207 0.42086 0.258226 0.0180398
0.0374674 0.406913 0.264677 0.0190587
0.208133 0.637432 0.226958 0.0198365
0.635278 0.230043 0.337776 0.0183053
0.234769 0.261425 0.144923 0.0185078
0.702778 0.220892 0.0262681 0.0196316
0.485843 0.392953 0.255854 0.0184779
0.374301 0.0646086 0.128375 0.0165597
0.944403 0.264122 0.16307 0.0161233
0.0500612 0.279947 0.125144 0.0192802
0.402964 0.402016 0.255014 0.0186418
0.127985 0.316522 0.202233 0.0190311
0.812471 0.219282 0.0730403 0.0179988
0.0713586 0.284605 0.123527 0.0199291
0.779593 0.223511 0.025972 0.0196012
0.745553 0.328987 0.210262 0.0178982
0.361786 0.513167 0.325103 0.0183812
0.480473 0.347141 0.236271 0.018508
0.133688 0.338628 0.203752 0.0195362
0.783981 0.20638 0.327499 0.0182773
0.86174 0.236116 0.0622117 0.0175987
0.601116 0.24202 0.154437 0.0155092
0.28115 0.471984 0.316576 0.0177058
0.724046 0.36655 0.206317 0.0168193
0.853706 0.232142 0.152912 0.0191242
0.598315 0.144117 0.3286 0.0192776
0.620159 0.248845 0.0773326 0.0175235
0.00184799 0.387047 0.198579 0.0185988
0.338688 0.380974 0.199662 0.0184915
0.142378 0.0964593 0.233956 0.0181317
0.3798 0.377005 0.253675 0.0186418
0.316591 0.520281 0.315145 0.0166707
0.163541 0.367114 0.0305859 0.0196147
0.35757 0.350563 0.253913 0.0176818
0.687353 0.393986 0.202027 0.0161645
0.283003 0.289799 0.13183 0.019498
0.854893 0.284392 0.031087 0.0186629
0.371632 0.577123 0.304064 0.0184574
0.809032 0.333204 0.0983958 0.0198147
0.379198 0.321232 0.099204 0.0173618
0.141958 0.411154 0.202634 0.0157658
0.58135 0.405273 0.206574 0.019238
0.360578 0.339289 0.110266 0.0173991
0.622343 0.411673 0.208626 0.0188866
0.813357 0.398177 0.25782 0.018751
0.333527 0.324697 0.254253 0.0176147
0.319531 0.339257 0.147205 0.0195793
0.131386 0.561242 0.230537 0.019651
0.0344169 0.319494 0.257611 0.0172425
0.846928 0.445891 0.201906 0.0186301
0.762615 0.295823 0.0609658 0.018246
0.438753 0.0860354 0.231127 0.0188251
0.403905 0.31069 0.0983221 0.0178133
0.950331 0.286786 0.0692673 0.0183433
0.0805073 0.309502 0.258841 0.0172941
0.114787 0.104683 0.151316 0.0175939
0.77182 0.304507 0.255888 0.0171386
0.0286466 0.328601 0.126387 0.0175401
0.104356 0.464653 0.205951 0.0148787
0.681028 0.206394 0.0261991 0.0187312
0.417467 0.295519 0.105297 0.0163287
0.933773 0.295762 0.0612129 0.0157147
0.186835 0.0446747 0.151351 0.0170595
0.82135 0.323459 0.0744477 0.0187682
0.410482 0.273839 0.103413 0.0182885
0.685402 0.505529 0.215917 0.0183042
0.85598 0.332895 0.0596827 0.0193536
0.0736838 0.307244 0.122076 0.0199291
0.625691 0.507636 0.232638 0.0195307
0.890131 0.336963 0.0581047 0.0162691
0.309352 0.0477517 0.332607 0.0165216
0.484733 0.374015 0.247598 0.018508
0.265218 0.26256 0.261132 0.0156801
0.151819 0.713376 0.149693 0.0189831
0.133409 0.717604 0.157758 0.0145166
0.372962 0.26491 0.287034 0.0190836
0.629631 0.249899 0.25204 0.0172718
0.512753 0.560082 0.20664 0.0191285
0.734306 0.252424 0.028072 0.0184631
0.0330506 0.5876 0.19457 0.0166185
0.188603 0.0805172 0.232066 0.0186799
0.113427 0.710379 0.154799 0.0164411
0.575532 0.222351 0.308286 0.0196689
0.877885 0.25496 0.0319856 0.0198277
0.760506 0.262395 0.0278345 0.0183917
0.560883 0.222544 0.251948 0.0188281
0.256202 0.261174 0.11615 0.0185078
0.314489 0.606913 0.205841 0.0188813
0.646116 0.244279 0.323023 0.0172722
0.881023 0.287328 0.330589 0.0171499
0.106327 0.332135 0.123944 0.0193866
0.409289 0.0754486 0.235602 0.0188844
0.784665 0.344727 0.119628 0.0160562
0.75128 0.283507 0.308849 0.0155411
0.388433 0.655446 0.152277 0.0171934
0.67879 0.227776 0.0280939 0.0141204
0.775655 0.289312 0.315954 0.0197388
0.970318 0.344315 0.217108 0.0193434
0.193871 0.622208 0.236058 0.0198365
0.821471 0.443459 0.140118 0.0178431
0.028778 0.353402 0.122694 0.0179452
0.0805783 0.173066 0.254771 0.0174022
0.328685 0.568931 0.0724029 0.0179364
0.270674 0.620524 0.14749 0.0173687
0.211429 0.00657518 0.215604 0.0156764
0.820962 0.221402 0.106492 0.0169335
0.638252 0.155842 0.262327 0.0188037
0.231576 0.0135469 0.211458 0.0175088
0.535299 0.213325 0.0969587 0.0184394
0.257895 0.408042 0.315067 0.0191266
0.456736 0.578703 0.125231 0.0153391
0.0963851 0.422591 0.320436 0.0166274
0.159164 0.206759 0.0971897 0.0172785
0.429038 0.0823638 0.256998 0.017279
0.390223 0.58349 0.236255 0.018609
0.214386 0.431139 0.312016 0.0183073
0.405316 0.576001 0.151917 0.016904
0.197374 0.0826272 0.258785 0.0186552
0.465962 0.0960717 0.208603 0.0188251
0.163923 0.432677 0.311798 0.0169529
0.486164 0.103073 0.214792 0.0173177
0.944878 0.367995 0.140639 0.0187351
0.216981 0.0642249 0.257776 0.0186552
0.29056 0.458052 0.0628488 0.018785
0.288305 0.0344095 0.124473 0.0188737
0.263636 0.445764 0.310193 0.0156918
0.366584 0.390973 0.134751 0.0198001
0.311698 0.0405118 0.252077 0.0183472
0.610115 0.212828 0.0321594 0.0162057
0.620739 0.150402 0.203193 0.0192735
0.640796 0.157258 0.204784 0.0197843
0.368058 0.228831 0.0849744 0.0176683
0.549816 0.530674 0.15354 0.0177136
0.102619 0.307895 0.135451 0.0199139
0.884111 0.24299 0.137246 0.0188358
0.372649 0.527235 0.308421 0.0170383
0.483847 0.189151 0.105975 0.015971
0.340569 0.551779 0.314177 0.0184813
0.609739 0.519584 0.154512 0.0198629
0.284405 0.0380233 0.0325693 0.0199489
0.207497 0.660831 0.142366 0.0187816
0.151409 0.65764 0.254964 0.017002
0.816635 0.218413 0.20664 0.0189633
0.103695 0.680129 0.131224 0.0190823
0.357993 0.0570014 0.306306 0.0185327
0.156251 0.637067 0.255247 0.017184
0.911698 0.25178 0.209453 0.0183748
0.583885 0.516991 0.232293 0.0196676
0.700187 0.493215 0.148985 0.0162948
0.672544 0.267856 0.201565 0.0193199
0.134266 0.626984 0.255548 0.0181432
0.149374 0.38757 0.232339 0.0197328
0.949138 0.265326 0.209806 0.0186418
0.361028 0.117831 0.320852 0.0180766
0.552177 0.12702 0.321665 0.0185363
0.472385 0.279644 0.213356 0.0185889
0.0303585 0.476897 0.15173 0.017328
0.0646736 0.152425 0.146997 0.0176158
0.60146 0.503861 0.135097 0.0183012
0.556099 0.172615 0.0301608 0.0193382
0.739492 0.299279 0.213418 0.0180898
0.554237 0.472972 0.254909 0.0172832
0.368075 0.454062 0.153117 0.019492
0.652868 0.160963 0.315345 0.0175324
0.621091 0.495766 0.132061 0.0198629
0.346096 0.281458 0.0926515 0.016885
0.489451 0.106506 0.0930371 0.0199567
0.539825 0.458915 0.256252 0.0181282
0.177626 0.679707 0.130944 0.0187816
0.602403 0.418892 0.150194 0.0192431
0.541962 0.152728 0.0287477 0.0176863
0.894347 0.411704 0.153319 0.0160007
0.206569 0.054079 0.0767617 0.0172941
0.52948 0.425025 0.124649 0.0155582
0.603219 0.227465 0.326105 0.0197288
0.436041 0.0869573 0.104048 0.0164608
0.294196 0.0347123 0.235011 0.0184388
0.375762 0.237689 0.289008 0.0182563
0.278013 0.0393931 0.327388 0.0180447
0.927215 0.258798 0.311026 0.0184006
0.190795 0.0383664 0.101111 0.0193386
0.348177 0.25595 0.0860232 0.0189727
0.913083 0.285311 0.319382 0.017172
0.847525 0.415445 0.250555 0.0180619
0.503297 0.403409 0.250395 0.0184779
0.482321 0.135765 0.0294434 0.0180857
0.158171 0.391559 0.260018 0.0192219
0.0914346 0.370844 0.315252 0.0195436
0.144716 0.366043 0.325152 0.0165635
0.710987 0.498346 0.214662 0.0159524
0.277814 0.119164 0.0658733 0.0192858
0.378439 0.617402 0.105577 0.0173783
0.0835885 0.268165 0.124953 0.0184766
0.0937596 0.518555 0.212339 0.0184145
0.497433 0.110222 0.0679456 0.019445
0.0244799 0.531604 0.204076 0.0153931
0.26784 0.0256306 0.227779 0.0175806
0.155547 0.528521 0.203818 0.0184631
0.116757 0.695396 0.13517 0.0156695
0.223714 0.123745 0.0664422 0.0171583
0.045258 0.232849 0.133541 0.0160399
0.507839 0.518068 0.23503 0.0165745
0.45158 0.132701 0.0301083 0.0180857
0.723781 0.436835 0.122692 0.0178318
0.60054 0.53083 0.20771 0.0196676
0.763449 0.356597 0.236339 0.0187655
0.176637 0.535866 0.201231 0.0160265
0.535213 0.541207 0.20529 0.0195946
0.452912 0.337149 0.258586 0.0156836
0.302501 0.119251 0.0643613 0.0174046
0.701448 0.438054 0.125546 0.0160468
0.0299885 0.568098 0.200184 0.0183927
0.832447 0.28394 0.337301 0.0169919
0.203315 0.25235 0.152759 0.0174522
0.385821 0.573541 0.212186 0.0174207
0.528023 0.120955 0.0732714 0.019445
0.299933 0.498922 0.324175 0.0177058
0.347863 0.578579 0.21051 0.0161785
0.167104 0.245828 0.150329 0.0173233
0.300195 0.240536 0.287064 0.0164607
0.734632 0.192055 0.0938854 0.0179286
0.0431129 0.294445 0.256452 0.019027
0.86299 0.399977 0.107851 0.0177589
0.37175 0.547677 0.313941 0.0184813
0.297751 0.285454 0.260758 0.0197316
0.575302 0.231715 0.144893 0.0162025
0.191562 0.65197 0.126722 0.0187816
0.846051 0.384106 0.10009 0.0198203
0.0774894 0.279511 0.255636 0.019027
0.89374 0.385154 0.10515 0.0178476
0.747748 0.435363 0.121217 0.0171896
0.0448029 0.632866 0.19714 0.0159612
0.256937 0.044229 0.319832 0.0179841
0.353744 0.0968417 0.333693 0.0184054
0.74893 0.195629 0.156629 0.0176426
0.564881 0.134366 0.065336 0.0154679
0.162269 0.373163 0.096612 0.0182156
0.678331 0.171113 0.152044 0.0188887
0.821494 0.360481 0.102312 0.0198203
0.369039 0.107106 0.0304372 0.0171473
0.488304 0.103982 0.319739 0.018646
0.0492097 0.269283 0.254466 0.0189621
0.427994 0.256546 0.258606 0.0165513
0.0844661 0.258551 0.254381 0.0196423
0.336996 0.0503039 0.206302 0.0196268
0.248066 0.0186058 0.238561 0.0175088
0.333214 0.0896684 0.0289448 0.0150479
0.00922722 0.328896 0.228517 0.0189018
0.00261704 0.343511 0.212338 0.0178569
0.065802 0.242671 0.254628 0.0186735
0.467846 0.0963926 0.235917 0.0188251
0.105934 0.247238 0.25228 0.0196423
0.488204 0.172201 0.334323 0.0189467
0.185025 0.698173 0.150623 0.0195446
0.629683 0.465168 0.123592 0.01836
0.936922 0.340564 0.0916308 0.0181002
0.710287 0.181254 0.213024 0.0182454
0.45738 0.193533 0.214611 0.0198011
0.576427 0.230879 0.0695478 0.0171491
0.757719 0.197668 0.21547 0.0163005
0.88073 0.242547 0.0740095 0.0171021
0.0739549 0.669662 0.147557 0.0190823
0.323672 0.651192 0.148731 0.0177183
0.390881 0.347708 0.103316 0.0182879
0.126828 0.235726 0.251721 0.01835
0.368944 0.594998 0.0834623 0.0170855
0.311238 0.456511 0.356134 0.0163818
0.0731617 0.196173 0.254632 0.0159742
0.895358 0.304573 0.322993 0.0170992
0.259551 0.637508 0.144308 0.0180207
0.462849 0.471938 0.119141 0.0184372
0.426253 0.194965 0.25784 0.0182028
0.336984 0.249081 0.288443 0.0189797
0.734745 0.189222 0.255375 0.0189949
0.614857 0.479111 0.12255 0.0183012
0.146211 0.264627 0.209312 0.01718
0.225898 0.262582 0.20982 0.0195187
0.20488 0.381118 0.32493 0.0165302
0.702572 0.178172 0.24619 0.0197638
0.115012 0.430279 0.324914 0.019629
0.58283 0.483035 0.120704 0.0183012
0.49206 0.534398 0.233024 0.0184475
0.781847 0.30442 0.074935 0.0167728
0.0890839 0.15171 0.253466 0.0189248
0.113767 0.712716 0.214239 0.0188124
0.194049 0.569671 0.155357 0.0156224
0.287908 0.491738 0.0306872 0.0170109
0.209385 0.00700771 0.150664 0.019314
0.267229 0.288945 0.21899 0.0194876
0.038227 0.533494 0.150746 0.0159232
0.00314204 0.309877 0.208939 0.017423
0.263015 0.462337 0.323395 0.0192438
0.343825 0.370142 0.228422 0.0186361
0.767585 0.199858 0.316561 0.0182773
0.728154 0.186619 0.31714 0.0172608
0.347182 0.481287 0.330694 0.0177381
0.169259 0.139717 0.073074 0.0171221
0.39116 0.0688255 0.267416 0.0188844
0.0789393 0.525743 0.150143 0.0175336
0.57898 0.524729 0.152342 0.0189325
0.26086 0.0228333 0.255851 0.0169845
0.0797246 0.355415 0.0750339 0.017772
0.19401 0.383573 0.0138884 0.0196147
0.140041 0.390649 0.197186 0.0184752
0.122709 0.377422 0.334917 0.0182298
0.0457477 0.49368 0.148279 0.0194835
0.141178 0.416209 0.0248581 0.0168976
0.283824 0.0587658 0.328302 0.0166403
0.660122 0.21767 0.0279959 0.0181512
0.134384 0.396962 0.0224634 0.0191991
0.601476 0.405256 0.200473 0.019238
0.0865115 0.457883 0.14689 0.0178192
0.115103 0.632787 0.253437 0.0171237
0.182811 0.400454 0.360468 0.0190877
0.651624 0.260669 0.097303 0.0173189
0.149508 0.372885 0.25724 0.0172608
0.65329 0.416635 0.149963 0.0170959
0.127088 0.701759 0.233183 0.0199016
0.785949 0.474053 0.20855 0.0196737
0.404562 0.249409 0.102236 0.0181665
0.672036 0.167705 0.319371 0.016927
0.761219 0.485128 0.206008 0.0185979
0.0125131 0.378766 0.233058 0.0185288
0.356642 0.397841 0.155199 0.019821
0.181158 0.422573 0.0619244 0.0170451
0.530132 0.476869 0.255082 0.0169717
0.747475 0.193076 0.314861 0.0164319
0.061277 0.452861 0.24124 0.0199314
0.231114 0.394372 0.0178208 0.0186603
0.509977 0.472196 0.256304 0.0181282
0.0351769 0.519471 0.218391 0.0157397
0.203603 0.38161 0.347612 0.0173999
0.979534 0.287596 0.104558 0.0194853
0.859387 0.234854 0.0834278 0.0177243
0.237724 0.450351 0.0127692 0.0188792
0.624444 0.237531 0.319121 0.0167939
0.203318 0.430026 0.35763 0.0190877
0.893682 0.24629 0.321824 0.0179859
0.120843 0.539781 0.210725 0.0190982
0.371496 0.529344 0.208362 0.0191745
0.57366 0.462237 0.252615 0.0161607
0.200595 0.236663 0.113521 0.0170442
0.987339 0.315772 0.153515 0.0164978
0.39147 0.210524 0.0944693 0.016754
0.24417 0.395158 0.335489 0.0191266
0.18252 0.226547 0.107784 0.0164581
0.202731 0.584784 0.207076 0.0195272
0.807422 0.253874 0.342603 0.0198766
0.83823 0.300827 0.327545 0.0165127
0.0766685 0.446292 0.257594 0.0167846
0.559927 0.447415 0.250204 0.0199931
0.835257 0.265502 0.0274903 0.0167584
0.531526 0.439706 0.254678 0.0199931
0.440695 0.44603 0.253131 0.0181316
0.640576 0.168903 0.340893 0.0172388
0.0130419 0.282268 0.153281 0.018149
0.210982 0.61242 0.202526 0.0198365
0.82042 0.418966 0.252995 0.0192479
0.0822627 0.390936 0.318405 0.0168221
0.794511 0.414286 0.253741 0.0183938
0.0416906 0.613064 0.203871 0.0166185
0.374084 0.248755 0.0875934 0.0189727
0.252488 0.628838 0.213572 0.0195787
0.140339 0.190598 0.0943165 0.0190049
0.279506 0.231324 0.286715 0.0165648
0.238029 0.449958 0.325492 0.0196076
0.0545597 0.653096 0.207285 0.0198011
0.361386 0.568801 0.0653752 0.0196174
0.882555 0.40644 0.244565 0.0186094
0.181322 0.707629 0.215084 0.0188983
0.456362 0.175337 0.0986722 0.0181934
0.277536 0.711924 0.215457 0.0160898
0.451327 0.23737 0.144981 0.0178144
0.328191 0.0493781 0.0679274 0.0175743
0.79498 0.360525 0.254197 0.0187655
0.135547 0.722057 0.201521 0.0178788
0.163143 0.666928 0.12109 0.0180251
0.018787 0.356874 0.245847 0.0189018
0.282442 0.0310916 0.208716 0.0175806
0.187215 0.0395376 0.21302 0.0179846
0.0555732 0.564008 0.225144 0.0183988
0.868782 0.345925 0.0714543 0.0177673
0.273737 0.21227 0.289973 0.0167816
0.0771684 0.135723 0.148019 0.0199865
0.524848 0.116663 0.215052 0.0155821
0.543125 0.125358 0.0995278 0.0186988
0.232468 0.103146 0.0686797 0.0187247
0.604026 0.144359 0.217814 0.0190286
0.0662078 0.471658 0.147765 0.0196598
0.510744 0.112955 0.132064 0.0180052
0.054149 0.17017 0.22851 0.0198897
0.732779 0.18901 0.217542 0.0148409
0.45193 0.15947 0.32936 0.0190106
0.427218 0.083112 0.145923 0.0193312
0.205587 0.0698721 0.154386 0.0172564
0.927513 0.393262 0.175439 0.0159902
0.442013 0.285838 0.251751 0.0169108
0.871374 0.237597 0.206924 0.0177488
0.757829 0.229575 0.025157 0.0192696
0.764396 0.298351 0.0878895 0.019066
0.649292 0.259743 0.198015 0.0196213
0.255099 0.0233713 0.101834 0.0183034
0.874324 0.23736 0.32103 0.0153753
0.289905 0.1391 0.0686806 0.0170325
0.429861 0.471021 0.131591 0.019088
0.208003 0.136435 0.0677848 0.0174404
0.275227 0.029711 0.139785 0.018901
0.905691 0.249057 0.241636 0.0183748
0.355052 0.615571 0.0994819 0.0170855
0.201227 0.681462 0.15093 0.0187167
0.869152 0.23581 0.252019 0.0194151
0.866204 0.308082 0.325151 0.0162316
0.137994 0.353097 0.21944 0.0195362
0.955889 0.366078 0.210177 0.0164872
0.905268 0.404036 0.225915 0.0186094
0.0180027 0.401249 0.236548 0.0163193
0.346602 0.648244 0.142693 0.0198355
0.418554 0.643635 0.152507 0.0171934
0.32892 0.548096 0.092377 0.0175851
0.318036 0.629114 0.148006 0.0183637
0.575177 0.136037 0.120088 0.0181434
0.235741 0.139961 0.0674622 0.0181936
0.273104 0.464652 0.0117105 0.0162048
0.816197 0.217202 0.261889 0.0167911
0.275954 0.412536 0.332152 0.0184848
0.0772849 0.149274 0.129942 0.0184816
0.595996 0.195384 0.0302648 0.0180307
0.183804 0.690968 0.231891 0.0197923
0.444806 0.17105 0.256737 0.0193719
0.261882 0.138288 0.0678628 0.0182037
0.732287 0.401176 0.2345 0.0177772
0.0942337 0.692238 0.224918 0.0199016
0.736589 0.208567 0.0263419 0.0192696
0.264588 0.678446 0.141008 0.0166292
0.360183 0.53428 0.324801 0.0183812
0.930976 0.260071 0.090281 0.0176668
0.375808 0.438965 0.212676 0.0184169
0.115105 0.451673 0.1938 0.0166359
0.369005 0.57056 0.135355 0.0170786
0.108124 0.13099 0.255494 0.0169058
0.0515778 0.567841 0.14325 0.0188448
0.167546 0.0870034 0.234304 0.0176548
0.0153823 0.468291 0.209247 0.0155638
0.597553 0.145815 0.0663357 0.018234
0.619674 0.190359 0.0280694 0.0177511
0.511763 0.535779 0.150226 0.0174884
0.0775353 0.67842 0.221732 0.0198011
0.35028 0.0543309 0.256762 0.0195801
0.3076 0.0414739 0.0948003 0.0173808
0.195956 0.0448563 0.242049 0.0178017
0.52096 0.116738 0.325672 0.0180905
0.158877 0.0896839 0.134068 0.0169272
0.220984 0.154734 0.0690437 0.0156142
0.435582 0.141897 0.336238 0.0140816
0.348156 0.652518 0.227174 0.0192472
0.564551 0.534353 0.21421 0.0196676
0.172913 0.652324 0.251752 0.0180027
0.238252 0.16581 0.0704442 0.0182037
0.61344 0.188748 0.344023 0.0159899
0.0652298 0.23955 0.125566 0.0166645
0.406559 0.57521 0.213484 0.0194648
0.575729 0.232258 0.119996 0.0136689
0.475718 0.109762 0.340403 0.0194745
0.149504 0.613451 0.251063 0.0193323
0.693652 0.25569 0.332918 0.018789
0.900463 0.267749 0.326842 0.0184006
0.732026 0.274767 0.318854 0.0170367
0.75022 0.276741 0.327947 0.019248
0.557394 0.420588 0.23259 0.0199931
0.386969 0.447405 0.148285 0.0170704
0.0472588 0.459625 0.143116 0.0196598
0.958526 0.305348 0.0877645 0.0194853
0.537286 0.497258 0.248736 0.0172832
0.569613 0.48637 0.251305 0.0172832
0.382903 0.66318 0.20751 0.015894
0.345389 0.302478 0.100395 0.0167678
0.334476 0.663727 0.217312 0.0160212
0.522934 0.134478 0.0291078 0.0154558
0.233692 0.681876 0.213868 0.0186894
0.617906 0.471751 0.249118 0.0152671
0.494114 0.483695 0.250776 0.0191543
0.14426 0.579064 0.240081 0.0195071
0.100163 0.403783 0.329014 0.0172085
0.598615 0.462912 0.249501 0.0159756
0.675053 0.406829 0.152886 0.0175753
0.29242 0.423922 0.330496 0.017926
0.471267 0.474131 0.250246 0.019313
0.641987 0.255209 0.0616897 0.0162868
0.324426 0.283867 0.0981305 0.019164
0.700776 0.275825 0.065109 0.0181491
0.333103 0.533994 0.325655 0.0183596
0.0953365 0.448804 0.245375 0.0151001
0.777887 0.427719 0.250527 0.017144
0.300144 0.0370015 0.317419 0.0176484
0.579866 0.136092 0.212924 0.0197161
0.80146 0.312005 0.0690862 0.0198147
0.282124 0.268163 0.106088 0.0186893
0.407486 0.421487 0.247939 0.0193672
0.283453 0.29902 0.150821 0.019491
0.777675 0.398051 0.250178 0.018751
0.500291 0.122865 0.0296234 0.0167258
0.909063 0.33222 0.0628398 0.0170318
0.785536 0.378381 0.250973 0.018751
0.868218 0.427642 0.22245 0.0186301
0.0825843 0.549777 0.140789 0.0188448
0.830252 0.222894 0.220982 0.0189633
0.149381 0.351228 0.0729103 0.0183014
0.624614 0.152521 0.325975 0.0172388
0.35852 0.368676 0.243689 0.0190105
0.118409 0.341736 0.242038 0.0193416
0.339739 0.348792 0.241952 0.017351
0.188599 0.244728 0.140168 0.0170442
0.841361 0.228376 0.100868 0.0162349
0.781624 0.33562 0.247927 0.0187655
0.101765 0.317357 0.248086 0.0179707
0.485538 0.32515 0.215905 0.0184557
0.753321 0.314496 0.224261 0.0159424
0.74162 0.28926 0.24707 0.0178362
0.0777431 0.654146 0.234369 0.0198011
0.5021 0.355712 0.217545 0.0189181
0.467839 0.187271 0.140141 0.0186155
0.271503 0.279927 0.244991 0.0189353
0.0948028 0.289449 0.250321 0.0154883
0.153414 0.423001 0.0677567 0.0173981
0.679796 0.268359 0.244666 0.0189528
0.754437 0.303599 0.130274 0.0173229
0.311311 0.482985 0.0693704 0.0175288
0.71282 0.383057 0.211785 0.0167854
0.0917114 0.121041 0.150332 0.0199865
0.102494 0.268103 0.24903 0.0144514
0.478388 0.185474 0.0865249 0.0187919
0.339108 0.498004 0.0686052 0.0175219
0.142799 0.0926571 0.145764 0.0169679
0.896668 0.41656 0.200626 0.016074
0.431091 0.235256 0.253344 0.018246
0.123534 0.257792 0.241607 0.0175442
0.114937 0.176351 0.0994489 0.0197222
0.310001 0.0416647 0.150782 0.0188737
0.707452 0.202822 0.343599 0.0161531
0.0306358 0.242908 0.236763 0.0154424
0.845761 0.227514 0.256549 0.016459
0.135549 0.433937 0.327795 0.0195334
0.047425 0.23824 0.247978 0.0166472
0.0114765 0.439528 0.209979 0.0176784
0.162828 0.695912 0.134776 0.0184591
0.199418 0.43911 0.323075 0.0182167
0.60397 0.146973 0.0930825 0.0192585
0.284175 0.478671 0.34101 0.0177058
0.284809 0.689977 0.144218 0.0180393
0.191768 0.646937 0.243961 0.0175325
0.214345 0.189209 0.289669 0.0194226
0.0225202 0.487824 0.214765 0.0156099
0.200142 0.0318512 0.0796316 0.016551
0.148771 0.125604 0.0857737 0.0171384
0.472419 0.315304 0.228684 0.0180074
0.654594 0.516242 0.210983 0.0195307
0.663201 0.164416 0.247763 0.018177
0.396725 0.647724 0.232351 0.0174179
0.597233 0.141775 0.246226 0.0197161
0.305146 0.0673941 0.331847 0.0190671
0.417147 0.0793206 0.326139 0.0184196
0.501438 0.108058 0.25689 0.019981
0.157147 0.0960489 0.252029 0.0159977
0.0637403 0.621127 0.139235 0.0181336
0.377096 0.0639101 0.25034 0.0199323
0.0356597 0.546087 0.213563 0.0183988
0.491392 0.586108 0.143509 0.0192205
0.194087 0.595819 0.143634 0.015328
0.136921 0.675425 0.250783 0.01972
0.189501 0.569793 0.220094 0.0185454
0.507939 0.584811 0.206403 0.018839
0.116836 0.676174 0.247781 0.0199016
0.478734 0.611538 0.218036 0.0178184
0.365451 0.645563 0.243684 0.0179638
0.459138 0.626871 0.214858 0.0178184
0.415066 0.638216 0.230831 0.0176722
0.33034 0.641904 0.226309 0.0192472
0.0545908 0.54664 0.142274 0.0185471
0.496075 0.360786 0.139904 0.0164318
0.104339 0.614709 0.248674 0.0181432
0.881135 0.26091 0.333093 0.0148409
0.300756 0.705461 0.217768 0.0198049
0.309389 0.149056 0.0703465 0.0193172
0.530938 0.527998 0.146407 0.0194797
0.344654 0.149764 0.0716363 0.0191775
0.0593812 0.516619 0.147206 0.0171269
0.374332 0.574495 0.247972 0.0192192
0.269174 0.414951 0.0282725 0.0192909
0.448342 0.560488 0.247192 0.0176089
0.470235 0.556286 0.246821 0.0185137
0.195312 0.155832 0.070016 0.0170458
0.0758337 0.423047 0.0858654 0.0184796
0.382898 0.0663594 0.213849 0.019008
0.0601821 0.405624 0.0865688 0.0192359
0.104672 0.11204 0.216763 0.0171124
0.617592 0.492741 0.244525 0.0170067
0.358445 0.480923 0.1473 0.0193856
0.594793 0.485486 0.249412 0.0170067
0.331327 0.166479 0.0730703 0.0176483
0.918485 0.362675 0.096122 0.0178476
0.643708 0.160212 0.111009 0.0178241
0.664107 0.487409 0.24086 0.0181448
0.637264 0.48413 0.246126 0.016936
0.314712 0.506628 0.336999 0.0162149
0.686404 0.462427 0.244425 0.0181476
0.203211 0.0918012 0.0897066 0.0169996
0.334056 0.512645 0.338698 0.0183812
0.813308 0.266045 0.0269812 0.0184878
0.177643 0.627816 0.247222 0.0189023
0.741097 0.454356 0.124797 0.0186655
0.119618 0.437275 0.141928 0.0160968
0.266047 0.16236 0.0705177 0.0182037
0.292121 0.164311 0.0713479 0.0188413
0.627599 0.420201 0.149617 0.0192431
0.448799 0.464998 0.247919 0.0172087
0.0606069 0.352407 0.0932484 0.0184246
0.195476 0.253987 0.211119 0.0177678
0.132937 0.346017 0.0857774 0.0192059
0.61487 0.451232 0.243366 0.0166588
0.420812 0.450904 0.241454 0.0193672
0.393162 0.0720606 0.329571 0.0168823
0.954035 0.324489 0.097598 0.0181002
0.971006 0.273219 0.214611 0.0179557
0.769248 0.445951 0.245762 0.0162804
0.376091 0.101176 0.336823 0.0171168
0.997028 0.301097 0.202809 0.0192847
0.712394 0.184666 0.0880238 0.0178493
0.292133 0.313816 0.216265 0.0179974
0.777118 0.245154 0.025785 0.0165818
0.208634 0.175407 0.0723448 0.0173429
0.753405 0.432098 0.246899 0.0172977
0.125527 0.431716 0.248406 0.0169437
0.738964 0.356992 0.216107 0.0178982
0.530375 0.420937 0.246147 0.0198226
0.140664 0.420594 0.236544 0.0197328
0.395595 0.29069 0.095662 0.0171708
0.528475 0.382673 0.215228 0.0189181
0.7522 0.362108 0.1375 0.0195843
0.970214 0.338425 0.145103 0.0160073
0.350382 0.387934 0.217943 0.0190105
0.00653221 0.399016 0.21484 0.0185988
0.547007 0.392494 0.209943 0.0159838
0.680492 0.174413 0.0717549 0.0173548
0.704191 0.40002 0.220681 0.0169626
0.715931 0.186332 0.333086 0.0152581
0.644892 0.420062 0.219912 0.0188508
0.698773 0.276405 0.0952741 0.0164716
0.567693 0.213015 0.327554 0.0197288
0.735808 0.232234 0.0257515 0.0196316
0.935648 0.380056 0.229522 0.0188026
0.713142 0.413812 0.232312 0.0156893
0.344476 0.474979 0.20881 0.0148406
0.393713 0.266191 0.0948231 0.0188089
0.0747359 0.487661 0.219593 0.0184463
0.322655 0.33584 0.235456 0.018233
0.659779 0.264779 0.145379 0.0160084
0.935368 0.261061 0.144478 0.018979
0.459864 0.320982 0.245424 0.0180074
0.526752 0.207669 0.0672667 0.0184394
0.0257633 0.300332 0.247445 0.0183793
0.620532 0.524586 0.212374 0.0195307
0.243081 0.24362 0.100762 0.0185333
0.87772 0.241072 0.0947037 0.0181519
0.234419 0.0156172 0.149485 0.019481
0.387464 0.545537 0.212888 0.0191429
0.682803 0.45125 0.124504 0.018548
0.928536 0.257265 0.243314 0.0184567
0.442144 0.210484 0.138722 0.0198752
0.662989 0.474602 0.125847 0.018548
0.196756 0.599108 0.2244 0.019682
0.0553285 0.171095 0.144521 0.0161273
0.3257 0.0603689 0.33509 0.0173812
0.274061 0.602969 0.209815 0.0177326
0.321279 0.619623 0.219916 0.0185023
0.843041 0.227006 0.236226 0.0163631
0.058814 0.215516 0.250444 0.0156729
0.232773 0.649878 0.218736 0.0195787
0.419084 0.651251 0.209996 0.0164444
0.51093 0.199738 0.250737 0.0187024
0.399356 0.190878 0.0981766 0.0170513
0.213816 0.664063 0.223855 0.0175325
0.38841 0.117208 0.334858 0.017903
0.886771 0.417003 0.222442 0.01724
0.481827 0.48419 0.119758 0.0150872
0.556173 0.523553 0.230755 0.0195946
0.106628 0.3469 0.0738508 0.0192796
0.512688 0.502215 0.125501 0.0194797
0.116526 0.114264 0.244691 0.0153063
0.269629 0.618649 0.221417 0.0175425
0.451208 0.0903479 0.247353 0.0157183
0.302133 0.662631 0.142263 0.0174705
0.196498 0.396753 0.0704999 0.0185146
0.123057 0.103239 0.225831 0.0182699
0.101296 0.456728 0.22429 0.0133719
0.127376 0.141076 0.0911784 0.0171384
0.509524 0.111115 0.227915 0.0162686
0.549557 0.128384 0.0805728 0.0158764
0.670374 0.2304 0.343632 0.018789
0.306116 0.223332 0.0798564 0.0187108
0.164885 0.67367 0.248507 0.0180027
0.0978508 0.668996 0.242243 0.0180869
0.658986 0.163342 0.213258 0.0188575
0.295717 0.623282 0.147556 0.0156285
0.665144 0.192822 0.0261141 0.0192669
0.097297 0.646426 0.246949 0.0180869
0.352067 0.630416 0.254927 0.0192472
0.826204 0.265209 0.340762 0.0157564
0.564687 0.226131 0.205047 0.0171383
0.307279 0.502711 0.0713097 0.0184893
0.85905 0.232942 0.224396 0.0194151
0.400574 0.0745689 0.0898725 0.0164894
0.381162 0.067604 0.0922507 0.0142251
0.112857 0.592302 0.24372 0.019651
0.154626 0.432501 0.338227 0.0189226
0.283273 0.645177 0.139708 0.0184663
0.172761 0.437554 0.329571 0.0164823
0.433104 0.543081 0.245326 0.0172265
0.460272 0.538567 0.245093 0.0165712
0.418656 0.102259 0.341051 0.017903
0.271466 0.0293092 0.0841806 0.0183034
0.55864 0.507403 0.242899 0.0171331
0.517815 0.501528 0.245608 0.0165636
0.492701 0.502766 0.24151 0.019313
0.562503 0.405753 0.215547 0.0141427
0.377615 0.418828 0.224253 0.015384
0.30224 0.202554 0.0763737 0.0191805
0.676244 0.412135 0.218331 0.0170651
0.274428 0.209435 0.0772744 0.0191773
0.469724 0.156204 0.338024 0.0190106
0.383791 0.46815 0.144185 0.0195833
0.710371 0.463143 0.244737 0.01695
0.603264 0.160064 0.342244 0.0159899
0.476074 0.102549 0.0703634 0.017294
0.829289 0.452264 0.211877 0.0182049
0.752223 0.456455 0.242696 0.016647
0.730503 0.45388 0.24484 0.0172977
0.189478 0.124961 0.0708538 0.0174404
0.452985 0.610758 0.229103 0.0180858
0.0307724 0.471312 0.223811 0.0199314
0.0373381 0.435417 0.136207 0.0177916
0.78808 0.454306 0.236563 0.0172413
0.714357 0.440151 0.242382 0.0165906
0.666451 0.452097 0.242868 0.0156705
0.0605047 0.502592 0.222441 0.0160918
0.762051 0.204565 0.336631 0.0164319
0.587792 0.445069 0.242822 0.0163266
0.620611 0.21547 0.342215 0.018119
0.0920556 0.344606 0.0874306 0.0192796
0.0748493 0.519624 0.220522 0.0184463
0.803975 0.437705 0.245849 0.0178788
0.521357 0.535576 0.21958 0.0193143
0.827432 0.243083 0.340815 0.0179221
0.179725 0.169675 0.074089 0.0174824
0.0911899 0.537179 0.219493 0.0176105
0.33897 0.0690382 0.0238418 0.0159023
0.172698 0.546205 0.218764 0.0185454
0.388764 0.410179 0.241204 0.0186418
0.753124 0.409986 0.244174 0.0177855
0.311545 0.174266 0.0732535 0.0191805
0.347498 0.181277 0.0761898 0.0190928
0.0424905 0.582077 0.213787 0.0183988
0.766732 0.380555 0.243579 0.0177855
0.766789 0.32477 0.132234 0.0164285
0.919085 0.390813 0.233884 0.0188613
0.296488 0.615093 0.220958 0.0177326
0.191841 0.0508078 0.132133 0.0174521
0.366538 0.283742 0.0915575 0.0189727
0.99506 0.295674 0.146079 0.015832
0.73385 0.19069 0.14004 0.0177627
0.327893 0.189392 0.0758289 0.0184616
0.254301 0.273063 0.147647 0.0193298
0.0196493 0.33449 0.246125 0.0176284
0.0218302 0.260356 0.147733 0.0164259
0.334075 0.468478 0.342935 0.0170554
0.119116 0.278912 0.149961 0.0180228
0.359806 0.663103 0.210652 0.0149615
0.318904 0.683151 0.219604 0.0171296
0.322168 0.474265 0.0267181 0.0187769
0.488431 0.130264 0.343253 0.0178443
0.218223 0.192977 0.0755648 0.0187791
0.193989 0.439682 0.0276901 0.0177582
0.112698 0.283547 0.239611 0.0149873
0.960731 0.269094 0.240349 0.0184885
0.513301 0.137565 0.343332 0.0193234
0.180132 0.0253658 0.142272 0.0196023
0.710549 0.184961 0.0655437 0.0173548
0.553748 0.155396 0.343382 0.0185398
0.0405398 0.189898 0.155786 0.0158592
0.470154 0.186153 0.229164 0.0191345
0.745294 0.193151 0.232725 0.018434
0.57973 0.161964 0.343419 0.017481
0.455895 0.488493 0.239163 0.0184266
0.932523 0.259206 0.221082 0.0184885
0.476485 0.299091 0.216245 0.0192672
0.591326 0.238432 0.0814397 0.0157332
0.134284 0.106072 0.249712 0.0139573
0.387155 0.176893 0.0893701 0.017148
0.633032 0.192972 0.344305 0.018119
0.689407 0.176791 0.0901285 0.0173548
0.132028 0.169268 0.0900274 0.017074
0.758618 0.334584 0.228452 0.0172538
0.676399 0.182589 0.340163 0.0153508
0.0060861 0.362967 0.221813 0.0189018
0.389138 0.488005 0.235546 0.0182993
0.19286 0.192085 0.0788763 0.0192034
0.083898 0.621893 0.241116 0.0171679
0.507471 0.113171 0.0856601 0.0167791
0.49445 0.58387 0.228639 0.0191285
0.681955 0.202961 0.3443 0.0161531
0.479387 0.574461 0.242272 0.0185137
0.0541603 0.47806 0.22554 0.0199259
0.755339 0.222186 0.34401 0.0171467
0.252381 0.404326 0.0233918 0.0183848
0.738824 0.237605 0.344793 0.0166636
0.052912 0.528197 0.223743 0.0172425
0.588419 0.180218 0.343567 0.0174942
0.122909 0.426219 0.0809127 0.0183881
0.756144 0.248056 0.344394 0.0171167
0.154723 0.540867 0.146157 0.017629
0.143508 0.539427 0.216489 0.0190982
0.30327 0.458869 0.0162931 0.0171851
0.108843 0.554336 0.223891 0.0169261
0.383631 0.503192 0.138247 0.0195833
0.214564 0.441013 0.0141333 0.0175298
0.182447 0.377703 0.347437 0.0170423
0.665573 0.492676 0.138914 0.0184883
0.864992 0.236232 0.133875 0.0182478
0.168233 0.412445 0.0111513 0.0169746
0.237505 0.0177151 0.0785046 0.0183034
0.734194 0.421388 0.241107 0.0172977
0.689503 0.267975 0.282631 0.0158388
0.303001 0.48738 0.346698 0.0155679
0.331492 0.49396 0.346309 0.015181
0.309884 0.635145 0.225926 0.0164115
0.519414 0.397721 0.2363 0.0173223
0.224016 0.385895 0.340135 0.0150295
0.131943 0.599435 0.247138 0.0185118
0.504293 0.374689 0.231195 0.018916
0.163729 0.419391 0.351747 0.0187356
0.180543 0.432 0.347691 0.0190877
0.299139 0.430904 0.3499 0.0175983
0.253922 0.689503 0.225067 0.0176711
0.858266 0.290715 0.33345 0.0169919
0.299427 0.686949 0.228233 0.0159341
0.785421 0.310889 0.0967854 0.0198147
0.767982 0.320649 0.239544 0.0171386
0.287684 0.433829 0.0201661 0.0192909
0.0200696 0.237718 0.21783 0.0166353
0.112178 0.303755 0.23754 0.0175647
0.445806 0.266078 0.243191 0.0184261
0.32677 0.261229 0.0888035 0.0197692
0.226901 0.395725 0.358513 0.0162516
0.638412 0.255563 0.0825561 0.0175235
0.224905 0.437191 0.357885 0.0196076
0.263373 0.250582 0.0993936 0.0182539
0.555979 0.223273 0.0866294 0.0183106
0.376787 0.656333 0.226679 0.016839
0.940778 0.382145 0.207636 0.0188613
0.165689 0.389104 0.354804 0.0160488
0.51804 0.204692 0.0862179 0.0182851
0.576298 0.419782 0.22449 0.0188393
0.828727 0.224461 0.0858554 0.0177243
0.209358 0.40533 0.364562 0.0183192
0.439351 0.168259 0.0899919 0.0181934
0.660335 0.262258 0.0655794 0.0168517
0.254268 0.42004 0.365877 0.0188051
0.421122 0.514517 0.23997 0.0174525
0.258646 0.450796 0.00579332 0.0152293
0.651533 0.505648 0.22857 0.0191921
0.264026 0.439629 0.36431 0.0171257
0.232769 0.417529 0.366321 0.0183627
0.0666901 0.547424 0.226811 0.0172425
0.216432 0.0693305 0.0877123 0.0179804
0.0812112 0.561649 0.231009 0.0168017
0.403868 0.552142 0.223895 0.0191429
0.467996 0.506636 0.236706 0.019313
0.292724 0.0365767 0.0819014 0.0164637
0.0520459 0.606222 0.220006 0.0163236
0.17752 0.402322 0.076571 0.0173981
0.313074 0.661305 0.227372 0.0158478
0.428627 0.494384 0.135381 0.0173994
0.411871 0.154583 0.0590465 0.0169736
0.241874 0.409838 0.00615955 0.0179687
0.645805 0.257481 0.234814 0.0196213
0.515788 0.409346 0.126939 0.0161632
0.310637 0.193643 0.291294 0.0166503
0.443467 0.282975 0.127164 0.0174483
0.11061 0.579068 0.126839 0.0183646
0.0864969 0.377967 0.0553953 0.0173975
0.00722833 0.273894 0.208231 0.015934
0.212473 0.259113 0.194512 0.0158445
0.763578 0.202943 0.0615284 0.0165646
0.0139143 0.397341 0.149357 0.0189862
0.102722 0.628833 0.119835 0.0176069
0.384623 0.427651 0.14283 0.0198618
0.493893 0.106898 0.141925 0.0182457
0.692431 0.174767 0.228841 0.0181276
0.541505 0.217015 0.126014 0.0158469
0.441888 0.0897054 0.0817527 0.0147084
0.700408 0.177106 0.312927 0.0172506
0.103821 0.221648 0.258697 0.0187198
0.236233 0.651849 0.150123 0.0178507
0.961488 0.270064 0.275115 0.0176818
0.443654 0.0881335 0.204726 0.0183724
0.412269 0.0763647 0.267061 0.0186696
0.357722 0.250374 0.288692 0.017876
0.586773 0.235542 0.195456 0.0159796
0.763225 0.394391 0.121347 0.0156646
0.401859 0.603925 0.254266 0.0176113
0.354251 0.090224 0.0268631 0.0139778
0.522999 0.159549 0.0306899 0.0157549
0.123152 0.338695 0.134387 0.0167507
0.133976 0.375182 0.143805 0.0181515
0.0100005 0.35227 0.149639 0.0197805
0.968163 0.272867 0.15176 0.0157868
0.461836 0.264093 0.151572 0.0166934
0.41338 0.118306 0.0295593 0.0144701
0.247142 0.689368 0.152772 0.0157066
0.159697 0.223298 0.257935 0.01835
0.727769 0.285555 0.0975816 0.0178361
0.404256 0.616405 0.127173 0.0173783
0.192451 0.00116995 0.209989 0.0162633
0.233011 0.253619 0.248896 0.0184438
0.384888 0.59878 0.0989825 0.0166323
0.135582 0.430766 0.207377 0.0167954
0.265569 0.025677 0.318976 0.0180447
0.401917 0.330976 0.0991998 0.0180061
0.658304 0.433008 0.134901 0.0168172
0.432038 0.256037 0.122442 0.0182885
0.924306 0.258037 0.0688774 0.0156385
0.545811 0.133401 0.032527 0.0170683
0.958987 0.356028 0.150976 0.0170559
0.476277 0.318764 0.144051 0.0165247
0.0633778 0.264646 0.125043 0.0166656
0.533656 0.120867 0.142194 0.0159217
0.1039 0.383123 0.328655 0.018764
0.389733 0.0699176 0.142503 0.0177931
0.533784 0.211474 0.233965 0.0195392
0.780782 0.205086 0.253131 0.0167642
0.0657892 0.195988 0.124812 0.0166493
0.341336 0.0787487 0.335641 0.0179827
0.449727 0.325108 0.12039 0.0176874
0.87865 0.376783 0.0933174 0.0179244
0.827207 0.246929 0.0262699 0.0168653
0.479264 0.359332 0.128855 0.015204
0.612423 0.244054 0.240711 0.0172718
0.42438 0.124948 0.339096 0.0168116
0.580328 0.139332 0.0772762 0.0154679
0.538804 0.121413 0.229156 0.0155635
0.0938383 0.420182 0.0647874 0.0183881
0.168282 0.12033 0.0800566 0.0145797
0.484996 0.195355 0.218078 0.018308
0.812565 0.285892 0.335765 0.017423
0.477631 0.575511 0.12881 0.0157598
0.42203 0.581031 0.141778 0.0160179
0.182304 0.573184 0.138962 0.0182799
0.234502 0.0161329 0.112161 0.0164719
0.34168 0.531318 0.093034 0.0175851
0.212293 0.103564 0.0734515 0.0174404
0.655925 0.469174 0.246353 0.0173275
0.0400983 0.49661 0.22322 0.0156031
0.378308 0.143713 0.0683627 0.0182659
0.0356122 0.42222 0.250745 0.019918
0.191874 0.102799 0.283612 0.0165838
0.386919 0.233725 0.0927875 0.0166364
0.0323116 0.264907 0.244295 0.0183793
0.22274 0.257474 0.229009 0.0190773
0.277968 0.0289361 0.245359 0.0184388
0.721493 0.477664 0.236209 0.0159524
0.35879 0.318319 0.102516 0.0159024
0.136472 0.704552 0.139271 0.0148338
0.199041 0.0557619 0.211986 0.0171514
0.729588 0.381005 0.224011 0.0169626
0.0781806 0.653737 0.135039 0.0189831
0.0130633 0.417245 0.222113 0.0149645
0.0901435 0.601909 0.242711 0.0167998
0.698798 0.278718 0.13932 0.0173379
0.900452 0.348559 0.0712031 0.0177673
0.166849 0.361718 0.0783805 0.0183014
0.731013 0.490728 0.216468 0.0172974
0.682652 0.171143 0.248009 0.0184395
0.428929 0.469677 0.237573 0.0168299
0.693062 0.443094 0.240715 0.0154832
0.125284 0.260119 0.143046 0.0178165
0.0524506 0.628822 0.21572 0.0188027
0.0267044 0.393124 0.253369 0.0190587
0.289904 0.474921 0.0158695 0.0161448
0.756688 0.301847 0.240034 0.0178362
0.296019 0.470528 0.355169 0.0147331
0.132368 0.27073 0.226388 0.0149873
0.283492 0.669009 0.138444 0.0184663
0.315153 0.3164 0.12584 0.0194133
0.680785 0.494239 0.231908 0.0181476
0.403903 0.503441 0.237737 0.0157271
0.18421 0.399862 0.00491542 0.0171206
0.146244 0.405139 0.221451 0.0186933
0.0126745 0.309841 0.233617 0.0172425
0.39048 0.0687608 0.232522 0.0199323
0.148445 0.25832 0.172196 0.0173233
0.335772 0.350032 0.135 0.0175512
0.749624 0.286657 0.288092 0.0157048
0.0724672 0.369966 0.303524 0.0148469
0.347002 0.0562233 0.0647292 0.0181693
0.21606 0.00747421 0.255605 0.0170844
0.577253 0.45964 0.120913 0.0185136
0.341377 0.380565 0.164149 0.0161802
0.739965 0.287214 0.0554929 0.0176937
0.69801 0.241554 0.0289326 0.0196316
0.723887 0.281277 0.258443 0.0174021
0.284239 0.607777 0.156563 0.0147665
0.492025 0.463226 0.257633 0.0161683
0.182693 0.633401 0.122244 0.015733
0.131531 0.356855 0.246507 0.0163195
0.426622 0.280654 0.265248 0.0165513
0.176689 0.102793 0.0926503 0.0169996
0.195651 0.0780118 0.138183 0.0161283
0.366682 0.0613045 0.32443 0.0154479
0.559196 0.224783 0.133657 0.0158722
0.212408 0.0108775 0.0763511 0.0159495
0.34221 0.600806 0.0919567 0.0163778
0.153717 0.0893401 0.218015 0.0182699
0.133341 0.2823 0.203907 0.0158406
0.512784 0.371054 0.147224 0.0184327
0.308119 0.331615 0.162123 0.0195793
0.36273 0.406654 0.214453 0.015384
0.466688 0.349994 0.251674 0.0174266
0.591835 0.141593 0.131205 0.0179605
0.943371 0.30751 0.0746998 0.0180583
0.0819712 0.693795 0.209003 0.0188124
0.562729 0.129901 0.224558 0.016835
0.0709947 0.142853 0.220245 0.0186486
0.50484 0.555199 0.148872 0.0176534
0.571715 0.43366 0.238299 0.0164204
0.865485 0.417679 0.240821 0.0178279
0.140652 0.38176 0.343847 0.0167548
0.660156 0.169221 0.336444 0.0153391
0.0890535 0.473342 0.217151 0.0153543
0.152571 0.400489 0.0146028 0.0176861
0.172907 0.56474 0.23109 0.0174374
0.112886 0.443171 0.23691 0.0150202
0.49474 0.599409 0.213647 0.0171545
0.443608 0.24583 0.241675 0.0170217
0.318326 0.476311 0.353423 0.0147904
0.355592 0.201238 0.0799476 0.0176683
0.236992 0.200561 0.0762187 0.0181752
0.282223 0.431527 0.361626 0.0163017
0.686969 0.272284 0.0792855 0.0168517
0.279774 0.446304 0.00665492 0.0182546
0.26675 0.120847 0.289486 0.0188281
0.412785 0.207204 0.27051 0.0142457
0.190249 0.548375 0.192893 0.0185454
0.38993 0.643692 0.136139 0.0171934
0.100457 0.69744 0.146674 0.0182504
0.679722 0.270737 0.100287 0.0155528
0.446149 0.639143 0.205746 0.0164444
0.963111 0.345823 0.235776 0.0163869
0.420472 0.0816673 0.0918463 0.0145511
0.313628 0.345856 0.197305 0.0169797
0.325682 0.0479863 0.088071 0.0181693
0.519014 0.192687 0.326166 0.0178414
0.368243 0.657664 0.151322 0.0165007
0.745699 0.490139 0.169094 0.0168179
0.418192 0.14424 0.325229 0.0166668
0.191957 0.0246055 0.244743 0.0178017
0.118745 0.1069 0.131519 0.0172351
0.117373 0.396544 0.337442 0.0167548
0.581953 0.50097 0.244288 0.0169532
0.714806 0.482182 0.140464 0.0167508
0.844976 0.258218 0.339231 0.0169602
0.349878 0.500763 0.335697 0.0169065
0.100205 0.123959 0.238148 0.0186747
0.303285 0.642561 0.143343 0.0135018
0.422129 0.617901 0.137897 0.0181243
0.412992 0.558056 0.144499 0.0158978
0.273015 0.696449 0.227387 0.0159341
0.213109 0.385657 0.0195632 0.01894
0.116621 0.448027 0.213408 0.0161516
0.100792 0.445189 0.136697 0.0173494
0.0642671 0.367513 0.079306 0.0168972
0.630959 0.153306 0.280967 0.0151728
0.462124 0.235805 0.166148 0.0166934
0.408126 0.20994 0.105776 0.015476
0.929964 0.386813 0.15569 0.0148793
0.21018 0.006469 0.195361 0.0149548
0.431317 0.131762 0.0314943 0.0140522
0.40049 0.656902 0.214803 0.0146871
0.203138 0.225432 0.0968184 0.0171598
0.591013 0.238422 0.134281 0.0147279
0.249993 0.463253 0.0219688 0.015559
0.525007 0.487973 0.118364 0.0140791
0.662999 0.253781 0.31313 0.0169091
0.715638 0.455116 0.123507 0.0158696
0.445232 0.562464 0.122081 0.016521
0.328653 0.0481482 0.156922 0.0147332
0.429428 0.21471 0.254486 0.0173007
0.0398301 0.512761 0.149553 0.0139456
0.865787 0.248341 0.335724 0.0149093
0.62072 0.170094 0.343091 0.0154347
0.532275 0.207842 0.275058 0.0147058
0.0978426 0.167404 0.263209 0.0147799
0.246804 0.62352 0.195108 0.0182294
0.448009 0.176637 0.124647 0.0182623
0.911939 0.405365 0.207089 0.0183667
0.1446 0.144745 0.0816951 0.015357
0.944529 0.26552 0.0766107 0.0157964
0.134988 0.714656 0.220094 0.0173936
