Relative error for EX2, test started with input 0.10000000149011612 ended at 100 with a step of 0.05000000074505806
5.0197035681106258e-008
4.1728572895351331e-008
2.3891746216644292e-008
6.8308484440238175e-008
3.8463095442496492e-009
3.2594449397724858e-008
9.869444645630727e-009
3.4480770380557704e-008
5.8429060990429887e-008
3.3335024294038668e-008
6.6929491577551424e-008
1.8938450345126389e-008
6.3398280447677309e-009
7.3854548543157889e-008
1.1424808207142891e-008
5.4191417335843947e-008
4.5716684992583162e-008
4.2742908356426625e-008
3.6579700243860624e-008
6.0809685412586621e-009
4.5536116723056423e-008
2.1071177872162731e-008
2.7751743372541118e-008
5.0695403885504533e-008
3.0962649787694016e-008
1.0794180763848335e-008
3.5755897548430609e-008
2.0570578709731177e-008
2.210664948907484e-008
3.8163953128728631e-008
9.691624056988419e-009
2.3732100550374513e-008
2.0510920525402853e-008
2.5738302306556957e-009
4.6393103454992509e-008
3.7378963252579949e-008
9.3903234584325461e-010
2.5006870170647858e-008
4.1965134659600949e-008
3.4169463027102287e-009
6.7812078113648174e-008
2.0148601613208601e-008
8.7270110477448863e-008
2.7646298003262255e-008
2.8401325816738306e-008
2.8022749301068353e-008
7.210026891513291e-008
7.5379576262508151e-008
3.375578103324122e-008
4.6614323631368635e-008
1.8173524790573792e-008
2.2886507427366189e-008
8.5244210011846457e-008
1.3922376034923019e-008
8.5899302055671559e-009
2.0566155144276697e-008
2.5234992427019174e-009
4.8054126215471585e-008
2.4325269627566043e-008
3.3272389659840032e-008
6.149098874574811e-008
3.6560123058946433e-008
2.1862114712932727e-008
8.7226417667064459e-008
1.1641090354593564e-008
3.4350750838410894e-008
1.0386191118175645e-008
3.8285030171918675e-008
3.7224321894675959e-008
5.6271492123296173e-008
5.0019039079799916e-008
1.9471892211992494e-010
8.5842750063506483e-008
3.3864580557128944e-008
5.3415962647594965e-008
2.0246971812907462e-008
2.4732498835852019e-008
3.0317250166865596e-008
2.9709883382533809e-008
5.2020487050384165e-008
1.1366836396477182e-009
4.4765728321713011e-008
8.3343432746132278e-008
8.7226417667064459e-008
4.0038228908065295e-008
7.7951709552547423e-008
5.6671798090821878e-008
7.5379576262508151e-008
3.0427422176640596e-008
4.1785580303475235e-008
5.7108699506866291e-009
4.5577828824417615e-008
6.6149937847415002e-008
1.4719605705605812e-008
1.5728150107320595e-008
2.1203209708969672e-008
4.8375736827595087e-008
6.1541019175508851e-008
5.4218819342668531e-008
5.6292511091885445e-008
2.6419852710076461e-008
8.6555294423559028e-008
3.3639821077433986e-008
4.9388853197339006e-008
1.0248002152981478e-008
5.2636151455213288e-008
3.2492665040271322e-008
4.9220607550134934e-008
2.2822455086530348e-008
3.1518158797672221e-009
2.4199186673046907e-008
1.5600660250689419e-008
6.3749283741530379e-008
6.4095456905509355e-008
4.1820075044081878e-008
2.2472070100887742e-008
2.3414223026132133e-008
7.0772994137051412e-008
3.2671219436692993e-008
6.0557521129824278e-008
5.169589677522407e-008
2.0900618396655981e-008
8.7706796866954349e-008
1.1178676391532951e-007
1.9549058364637871e-008
2.7313735585906309e-008
9.8650021629799949e-008
2.3054785606584826e-008
8.2282476571621446e-009
4.5933220801644292e-008
2.4546321883354157e-008
8.1646544934085107e-010
6.1341650818361751e-008
4.2582162781945555e-008
6.7904870652642277e-008
2.3733932345607363e-008
1.5541502722310776e-009
1.8291689819347437e-008
1.1116741781292293e-008
6.4815517005269496e-008
7.6964815476731522e-008
6.267604366311963e-008
3.7989453391816073e-008
7.3935351678465102e-008
4.7474425467270833e-008
1.9844621737677443e-009
7.4456922457093347e-008
8.414779546783487e-008
4.5007306323662299e-008
7.285666681893197e-009
5.3496435474607801e-009
1.3960659619151029e-008
5.8927039133318451e-008
2.1061990911998952e-008
2.5515331496361463e-008
2.4988796375428277e-008
3.7352761421052604e-008
2.7509747368671499e-008
1.0876365178645782e-007
6.9066498773771001e-008
8.9986057455543287e-009
2.9922051303385054e-009
9.2042148874320701e-008
3.6077147888109939e-008
1.7663441022566667e-008
7.0177153878476444e-008
5.0256959662610298e-008
5.7968036483701088e-008
1.3942726176738943e-008
5.0052851587205035e-008
3.5238459193574191e-008
2.8730715010556287e-008
5.6505448741809511e-008
7.0416459316303408e-008
5.1586049271040374e-008
2.6236662369022487e-008
1.2370500380161511e-008
3.6720764714869529e-008
8.7195104037599105e-008
4.18368076046164e-008
1.6256356906381817e-008
3.876907952308162e-008
4.2311073813313705e-008
9.8453624474276328e-008
1.2154377199848654e-008
4.4833918241862281e-008
2.6050133469579711e-008
3.1781424758822296e-008
1.7128681226011368e-008
1.13915079922845e-008
1.352766630137673e-008
4.3493700922147521e-008
5.4076879562560962e-008
4.888234469773552e-008
9.1827944661190701e-009
2.7477530135504505e-008
1.2618619992375994e-008
4.5924741913594103e-008
6.5619678927214606e-008
3.7599549202998855e-008
4.1504194569042995e-008
8.0523151714924148e-008
9.6349489018974608e-008
6.0581573248281019e-008
5.4847580837772152e-008
1.9483825053643753e-008
9.2178841449544261e-008
5.5879598604753025e-009
3.6085499770599525e-008
5.4144472952520409e-008
1.6347058339094899e-008
1.7718931155432639e-008
5.1641331787664694e-008
2.73413523662785e-008
3.5239434501498861e-008
2.8711399976731049e-008
2.6267037933731952e-008
5.5121678905561884e-008
4.4037376288269962e-008
3.3369304528005925e-008
6.6744907298417979e-008
1.4834402245002232e-008
4.6604682785966111e-008
2.2702730820207587e-008
2.5015839020663917e-008
5.8731256312505264e-009
6.7958049409488216e-008
6.6652403693898999e-008
5.0002151394058479e-009
1.546934010330215e-008
4.6214633509068415e-008
2.9698835889529516e-009
4.9198805472528847e-008
7.6674438213436755e-008
6.1288945360221552e-008
2.9938271701817344e-008
1.2640299125348195e-009
6.4311575746425756e-008
2.244819639781358e-008
2.9146073953044198e-008
9.1978494736153367e-008
5.6574333957943651e-008
1.0062881793825327e-007
8.5057773590336625e-008
4.8227365893299053e-009
6.2290899636396264e-008
4.3730393968095229e-008
4.0445002197912719e-008
5.8200073098933652e-008
5.8208085189951901e-008
2.5721085743953559e-009
1.1772094522986303e-008
4.6749300535879676e-008
5.5119503465884106e-008
1.8865026913852871e-008
3.1158145489433891e-008
4.0135462476357172e-008
1.1789172365963775e-008
8.5213908881167502e-010
2.4929856993611082e-008
5.9812132056121409e-009
9.1279877294483397e-009
5.0870280367214321e-008
4.7165083684690959e-008
6.2157696157666516e-008
3.6919986996163035e-008
1.9495875180316775e-008
1.4230747693800456e-008
2.7100911460885172e-008
1.9519163003990865e-008
2.7281375777210623e-008
2.6507003236153723e-008
4.4292817033125827e-008
3.3557691170961536e-008
4.4900460239391541e-008
3.2371021271881617e-008
1.5118567147016864e-008
2.0965152229118768e-008
9.8455578561439771e-008
2.0720654023111479e-008
3.1200845148222861e-008
3.2597803726927565e-008
1.0488013549630013e-007
1.0950574898658255e-007
3.2305197285367839e-008
1.1542217024691099e-008
8.5595935276830216e-008
7.5273710029603441e-008
4.0050773147782698e-009
6.2243688440202471e-008
2.1519041251298601e-008
4.1234842464816656e-008
4.1829355019675663e-008
1.1989001383676813e-008
7.0928764428283314e-008
3.3576899227829775e-008
9.9051874763769941e-009
3.0134092107695369e-008
7.6845451603688844e-008
1.6518464771520749e-008
5.6413352173554778e-008
7.4316383001900651e-008
5.510786680779857e-008
7.1599211824828921e-008
2.4458646050103201e-009
7.9684681096007885e-008
6.1347450917154177e-008
4.9045519260361011e-008
4.9173408183959169e-008
2.3540977290026716e-008
8.3203522111014661e-009
2.0011931522601278e-008
3.9358914550937256e-008
6.1293640188904068e-008
2.8484182582283102e-008
3.4775779289579355e-008
2.8944991917933882e-008
3.9295991942411197e-008
1.0304319668193495e-009
4.3152647428740688e-008
6.2715365590435728e-008
7.4316383001900651e-008
9.3495293544554565e-008
9.0553329251702278e-008
4.9047385271565145e-008
1.1542217024691099e-008
2.3900857419990554e-008
8.8385235702927033e-008
4.039797699596646e-008
1.9519163003990865e-008
1.9504831007116937e-008
1.88435904479178e-008
4.6135833932769516e-008
5.5119503465884106e-008
6.3704813615123052e-008
3.0549083272749282e-008
4.292327604994031e-008
6.4311575746425756e-008
8.7449677803231204e-008
2.6316444118710977e-008
7.3053972158229968e-008
1.4834402245002232e-008
8.4985518326936813e-008
4.1643000907748306e-008
7.1596922582642026e-008
1.9483825053643753e-008
3.0476123888093965e-008
1.8685548912264358e-008
3.8244541287668238e-009
1.13915079922845e-008
1.83264572652755e-008
1.8713331475031307e-009
5.5898960672012776e-008
7.0416459316303408e-008
2.7952270827425257e-008
2.5613604138684115e-008
1.5137313708345443e-008
2.7509747368671499e-008
5.4550542127794113e-008
9.3680190906469292e-009
8.3280932001877933e-008
6.267604366311963e-008
7.6363697712634528e-008
9.2861906697821494e-008
2.7924988114559887e-009
2.7313735585906309e-008
3.6939664135088657e-008
3.613855312723398e-008
3.6133787934775257e-008
3.1518158797672221e-009
2.2601994889886396e-008
1.4989417777480776e-008
6.5550428532566386e-008
1.4719605705605812e-008
6.055489996218834e-008
2.0566155144276697e-008
5.1121676049442692e-008
5.2302003729374451e-008
2.1538845482297207e-008
7.6926294947351865e-009
9.3396242611246175e-008
2.9689496782280393e-009
6.7629829309123184e-008
4.3726836127583046e-008
1.953323539384918e-008
3.5031946468370304e-008
4.3291475791659614e-008
5.3480061267007585e-008
8.313355697064201e-009
5.1999161274513493e-009
1.5006328933488291e-008
3.1738660056802871e-008
7.5090235335084406e-008
2.9792725889513991e-008
2.4577835669754011e-008
1.5406733970271729e-008
2.3111480761954879e-008
1.5275538054722288e-008
4.8020017770082649e-008
2.4865504549141171e-008
7.827886093454777e-009
5.0587745594898335e-008
5.8783910723852225e-008
9.4723115646473016e-008
4.1747576401060454e-008
4.2638455199479942e-008
4.953155632018531e-008
7.0710070925809253e-008
3.142195234562018e-008
6.7760204309356925e-008
2.6146756095794967e-008
4.8376391278703484e-008
8.4518378490141754e-008
2.6129467508549842e-008
5.695738693399405e-008
1.0135338420580621e-008
5.0111724368313646e-009
3.9844457492510026e-008
1.4783821703846694e-008
7.3000776337250113e-008
2.0629431361785528e-009
9.3444712450532743e-009
4.9825939757551079e-008
4.5363293485781189e-008
6.3850521930715174e-008
5.0133259626083546e-008
5.5659903519578026e-008
8.7828579697836173e-008
1.3249913302677819e-008
5.9185247142311395e-008
1.1238593930505966e-008
1.1069454591754874e-008
2.0450640636950218e-008
1.1280192447280286e-008
2.0755791640151635e-008
4.7519659295240084e-009
3.0638518964854296e-008
6.430203131767106e-008
4.1041750756342775e-008
5.560465966941325e-008
1.1842116210070754e-008
3.8051469791191925e-008
4.0755913824315087e-008
9.6136936853916204e-008
1.0989597061176546e-008
5.7516357072355415e-008
6.1676514852162249e-008
1.756586209556e-008
2.6262451090404652e-008
5.0498243224452503e-008
4.8512869576912897e-008
5.3444438920651085e-009
2.9654673390205515e-008
3.4575312346239591e-009
5.2912255440199148e-008
7.4338582222628088e-010
2.2916185233899231e-009
2.6938917933775918e-008
7.5810459387979702e-009
3.8096309525999938e-008
2.1509630617983118e-008
8.5336547954048721e-008
3.1573830724825662e-008
4.6552353551680436e-008
1.0889526160234076e-008
6.4787745385095124e-008
6.7581388285090001e-008
3.4460438855855199e-008
1.8634146083908493e-008
4.1699190216771828e-008
7.0232333782317101e-009
2.1646824216038276e-008
3.874703540278397e-008
1.8083701445052745e-008
1.6486119648073982e-008
5.9788342442916535e-008
3.7718409332238994e-008
5.1173140795555985e-008
3.3615722340983839e-008
2.0475723638646122e-008
3.1065484264019061e-008
2.5067197445678868e-008
2.2279688066434149e-008
9.7103351822892848e-008
3.2657247054731036e-008
7.1947422062640162e-008
7.3374521112348706e-008
5.1243507664599637e-008
2.0655265344652032e-008
3.2788085628566917e-008
4.4074520847661679e-008
3.783768396830092e-008
4.7727724495223153e-008
3.2598315695771686e-008
4.8419486645127511e-008
5.4069724617720586e-008
9.1472522007476589e-009
1.3585366180591608e-008
5.9539084210484394e-008
2.7428997389670142e-009
4.0509674845079463e-008
7.2129406671296772e-008
1.1665827728339181e-007
4.7293998014551714e-008
5.4313562982027776e-008
7.8995384777522052e-008
7.9055911132756901e-008
6.7915066115888134e-008
5.9833642420412406e-008
2.3764927272448797e-008
2.3602282516675565e-009
2.2058257054623531e-008
5.6596738077959804e-008
2.3886144064924211e-008
1.1768800857644482e-008
4.8239120457908358e-008
4.4351132997898409e-008
3.759622848394364e-008
2.5741913555969228e-008
1.5102164655940393e-008
4.9842199643660659e-008
1.1634909551515168e-008
1.0714110602381231e-007
9.7622341308855482e-008
2.0977291782663965e-008
8.5931631376475509e-008
8.4625555976823045e-008
8.4475111966348059e-008
1.4600376126472472e-008
1.4629712505990781e-008
3.9188518195566368e-008
6.0912489618043609e-009
6.5354073971484048e-008
9.5953986862834171e-009
4.3479061457626892e-008
4.2296527644055884e-008
1.5555709847834214e-008
6.1495733316514171e-008
5.1442008603412422e-008
3.3059472029008903e-008
5.9063056563798724e-008
5.8474240460429337e-008
9.7511867845519975e-008
4.7588207442918033e-008
4.5518299383609745e-010
7.8206144244269825e-010
9.0083453275030383e-008
1.3649304364807936e-008
5.3555786038865277e-008
5.382439293429764e-009
2.7504404745925929e-009
9.7642315980934347e-009
7.3999729722873942e-008
4.5837836559613778e-009
7.5078127626642707e-008
3.6241943733517396e-008
5.0536671214228703e-008
2.3571275624599668e-008
1.7420305432859291e-008
6.4030885919678535e-008
6.8172243095125206e-008
2.2454126984114071e-009
8.7770560742396669e-008
9.769388662703542e-008
2.1776245773114259e-008
5.9297560990817956e-009
9.5429600657836961e-008
2.9985394563678245e-008
8.0977644535717371e-009
3.9768950077149434e-009
3.3854842741536533e-008
2.5508182071587123e-008
8.2533702879178781e-008
1.8651400605509448e-008
3.809096116876541e-008
3.0075366283618918e-008
2.1516972240842348e-008
4.7247405742584705e-008
4.2897124131693966e-008
4.5850303790095589e-008
7.7169756934438049e-008
4.4371030113860568e-008
7.7917182321669742e-008
4.7434963151808506e-008
4.2985894275517945e-008
1.2529850183138756e-008
1.0310071277273296e-008
4.620996493401172e-008
4.6830197730162163e-008
6.7983352840163405e-008
8.3087915333397328e-009
4.1140600188202809e-008
9.0955991260819713e-008
3.2607449673991451e-008
6.9466906684413725e-008
2.3796793098061131e-008
7.6152058175537587e-009
7.0812171207001271e-008
8.6508790028112994e-009
2.7557471889790149e-008
8.6055595778512759e-008
1.6573788511885954e-008
6.795172980389145e-008
9.7317968718805766e-008
6.4084126040994727e-008
1.9018218656370832e-008
1.5431756079389374e-008
6.2323013069773931e-008
1.1474116573087373e-009
5.8400750769432508e-008
2.8073475166546489e-008
1.9317812015910267e-008
2.5875391783754207e-008
4.6451928637098261e-008
3.2255166559040296e-008
1.7406221734121472e-008
2.7031020750569313e-008
3.2551009036843324e-008
3.3904411937318221e-008
9.1523875212219317e-009
1.641097213354761e-008
2.9819757024013904e-008
5.7874201376204337e-008
4.6834246082390127e-008
1.1769945749969813e-008
2.539485884269693e-008
2.0441683847219999e-008
7.8324536727471579e-008
3.9656858668433096e-008
4.8706080753358242e-008
1.4314843950777633e-008
3.9092691719324187e-009
3.407352702454443e-008
1.0707179187461655e-008
6.3407982209371346e-008
1.0903649749049187e-008
2.3254471912901728e-009
5.589238574501918e-008
5.9046613749697286e-008
9.3649515841659591e-009
7.749667157553253e-009
7.6102418442224291e-008
4.7684594259106521e-008
9.6494568525128372e-008
9.1044210903431232e-009
3.1659768588710953e-008
2.5339852042819586e-008
6.9355799359050998e-009
6.2507015594637494e-009
3.8899340149347187e-008
2.1844397030235272e-008
1.1387734212065662e-008
4.2159970533489698e-008
2.9134025642019813e-009
2.5971658918724621e-008
4.2890749464759768e-009
3.2097836271402672e-008
1.7406524440064671e-008
2.4463853161880688e-008
2.7994547694951141e-008
7.9995590094207428e-010
1.4820401982495848e-008
3.7382906253045588e-008
4.5786037362163765e-008
2.9867364343719414e-008
3.7812945566751156e-008
3.0126258801427903e-008
2.2713124300903762e-008
3.2035750027417003e-008
2.8980526769823357e-008
2.0768616607000379e-008
2.6573195865516528e-008
5.0134719584104813e-008
1.6422407133358218e-008
5.6901335108952047e-008
2.4375052396041338e-009
2.5170689978319219e-009
4.0524502796143162e-008
4.9382754926093468e-008
6.8430815284113978e-008
9.2378943242068094e-009
6.08801518660366e-008
2.6969134965118559e-008
9.5223667360048006e-008
5.0518881369620981e-008
4.3854387274890909e-008
3.4800901248443644e-008
3.837913712231792e-008
1.4096593866182287e-008
1.8949638123820813e-008
1.5167589012767128e-008
4.1647113234774691e-008
5.7997771996694428e-008
2.981983203150695e-008
1.9240419155051777e-008
5.6870663942822879e-008
3.6717400054347559e-008
6.3531104639485121e-008
1.4575428613459042e-008
4.9577916010184706e-008
1.7564145808890952e-008
6.2705381920490715e-010
1.2023904949178247e-007
4.4290318118234772e-008
7.1058969888248586e-008
4.9784091385416029e-008
3.9363777182450856e-008
5.3933615831414161e-008
2.3966852666387592e-008
8.8066720237191927e-009
5.0992689454015565e-008
1.9373829616858388e-008
6.5749125318128004e-008
4.3105675034222257e-008
4.9946946545286936e-008
4.9920765641440795e-008
6.9123238816084944e-009
2.4708503370639463e-008
3.9271021135369601e-008
3.0612752508834739e-008
2.5778708051622064e-008
4.5209775149305383e-008
1.0960220227208336e-007
9.3505246163727612e-008
5.3583784658537798e-009
5.560205557058888e-008
4.3814884402015503e-008
6.9376558184578509e-008
6.1919239088259106e-008
1.44837402149823e-009
8.0430322334408045e-009
4.5238111346797174e-009
7.3388777368667128e-008
1.4615829749745056e-008
1.2061428429952414e-008
4.2858855005011831e-008
4.0889692873969216e-008
4.7491692819485828e-008
6.3855270590568667e-008
1.1535322511390096e-008
3.3881578749005258e-008
1.6522629390145433e-008
9.8853264796602879e-008
4.2347069477312999e-008
1.4957821712761513e-008
6.1308277502648377e-008
4.8154220200750798e-008
8.4707961938177051e-008
1.5450147758281672e-008
6.9623033364526123e-008
4.3645083224597947e-008
1.0214655959824056e-008
8.0916725558420464e-008
1.5539075786217577e-009
4.2544797552558131e-008
3.5684929713843573e-008
1.0860298591439965e-008
7.016349880211766e-008
2.8711393184995527e-008
7.6543764653686389e-009
4.1872755597623208e-008
2.90912690826186e-008
8.7992234478999249e-008
9.1339285875918779e-008
3.5162586172951081e-008
6.6902754679561174e-008
5.238178254548382e-008
1.264333226464096e-008
5.3179514925341601e-008
5.9144681757267829e-008
4.7070795768486512e-010
2.4841569679030705e-008
8.8332967570888825e-008
1.1396425355451262e-008
7.2916946031768109e-008
2.8398987201794324e-008
4.4614696099487721e-008
3.1004136051316837e-008
5.3072319113303229e-008
2.6956346904690673e-008
4.9752235879597049e-008
7.4594267270120913e-008
7.7019108926239347e-008
3.9956272192198788e-008
5.5255912634817869e-008
7.23854849477644e-008
5.6497568898085326e-008
2.7750728260920844e-008
6.4856163186012491e-009
4.8554243044170704e-008
3.5849700002392058e-008
3.9356927186093211e-008
2.2239313933769057e-008
2.4235167092066121e-008
3.4694869164544834e-008
2.1001025272332334e-008
1.4360974020296442e-008
5.3452515366694006e-008
1.77038524372555e-008
6.8803936620371541e-008
5.7520017705894895e-008
1.2524615056630657e-008
6.593388613195386e-008
8.8725767996238818e-008
2.1612304374152253e-008
7.7756465630921627e-008
6.0501577057027548e-008
4.2746578591668346e-008
4.3991954757308474e-008
3.7851714885802812e-008
7.5494029890414564e-009
2.2226605641015057e-008
2.9431360335688563e-008
3.6962314878451528e-008
6.4843845118170773e-008
1.349104135926081e-008
4.7892390742691844e-008
1.4068415574162907e-008
4.1841445199866195e-008
4.9278634823994786e-008
6.5176098358584224e-008
5.780466848903391e-008
5.4736563316375857e-008
3.71179077623092e-008
1.7428852780301174e-009
8.3015694749675558e-008
6.4393804484127244e-008
5.7630880687988757e-008
2.9267606375560385e-009
2.7037095094405958e-008
2.7606520759182104e-008
7.9351706367194864e-009
3.6511693465759159e-008
2.1321646187707239e-008
2.6397142414623326e-008
5.8690332660007172e-009
1.7414331417792032e-008
3.6293358625613103e-008
6.5867683283685859e-008
2.9641054557098117e-008
7.2720475534144768e-008
4.4902061388781294e-009
4.3427138279743086e-008
8.5664673090126382e-008
1.8015088608308306e-008
5.3898919019428381e-009
6.8174248809489322e-008
7.2403632306127481e-008
3.4356539756104248e-008
1.6110381027107204e-008
1.6017319342104163e-008
6.244701193109754e-009
4.348031100738526e-008
8.8184428543131841e-009
5.6322936502086257e-008
1.8650013272631174e-009
5.072275769594354e-008
5.8406906465646534e-008
3.0162629989857083e-008
9.8911935508629946e-009
8.015314692903384e-008
4.056689335753271e-008
3.2005608628924329e-008
3.383195693963777e-008
3.7661615365674344e-008
3.5516306998095698e-010
7.1842907831515671e-008
8.7064830877132631e-008
1.278700193844659e-008
5.0715704960991662e-009
1.8915526612877465e-008
2.0313007719204297e-008
5.0337210643948278e-008
3.5731595830251594e-009
1.7651598335766986e-008
5.6441988723447723e-008
2.0020351676088125e-008
1.8686009817468141e-008
5.3965520844727457e-008
9.9709504635498673e-009
8.7474110239686311e-008
8.5513080478097535e-008
2.0471971970762319e-008
8.2155982469644828e-008
5.7196692172847979e-008
4.567807029132261e-009
7.5399779011942072e-008
1.4324442853322663e-008
2.4273250936230363e-008
6.0793388381452502e-009
2.4933060130322324e-008
3.4269746387650366e-008
5.7082389922084629e-008
1.5853158635541966e-008
4.7354201088728623e-008
4.8484593354955112e-008
5.3105778327283824e-008
4.0576107349989332e-008
1.803585451142861e-008
2.9945380184081703e-008
1.6573839175640231e-008
2.2880922464615544e-008
1.1263297622506367e-007
3.009840084928864e-008
2.0234908115357827e-008
9.3790158931807785e-009
7.8844859980797774e-008
2.8761605363166815e-008
6.1222422352934978e-008
6.4103077425882438e-008
9.7766985344553815e-009
2.7876435746024084e-008
6.3715846525125405e-008
2.8021552210639757e-008
7.6945566818968913e-008
4.0415164411042856e-008
2.2179016044005209e-008
6.235480237212418e-008
4.1615388609084793e-008
6.5149738753652541e-008
9.477476086376202e-009
6.7604141389081179e-008
1.0087621649288863e-007
7.8199677259706937e-008
9.2376245181420558e-010
1.4078461194181266e-008
8.2178148536414376e-008
4.3087208084638061e-008
1.3742069311783857e-008
5.2728824582243717e-008
4.4375325957692329e-008
1.4143643480366509e-008
7.0237577999653803e-008
4.0078337819504629e-008
3.7937620038036163e-008
3.2233699325352829e-008
8.8602657842195991e-009
2.2297087463384239e-008
6.5083556304214867e-008
4.4951949265838503e-008
2.4928282118705677e-009
4.7467371995525623e-009
8.9007342585358656e-008
2.5917220429197643e-008
1.8275926590917127e-008
1.8666140429861559e-008
8.5399642308776023e-008
5.7301248286084899e-008
5.0468179007653498e-008
4.1242465774041967e-008
1.9001749448495241e-010
5.2242603504355669e-010
7.6647582028950598e-008
1.8880498964168029e-008
6.7305780174769463e-008
2.3940195777943266e-008
2.3890305531923395e-008
4.3852318019004557e-008
2.8817267715359388e-008
2.4641867063502325e-008
4.3801021442150434e-009
4.9246978546369349e-008
7.7026352302573679e-008
7.3795738211280428e-008
3.7364156191495448e-008
2.3142051446453116e-008
8.8509338759510499e-008
7.1403723886204168e-008
2.7629757393987406e-009
2.9643998661650225e-008
3.4565543537033199e-008
1.2987214177470387e-008
8.2945856433001377e-008
7.0476862845103744e-009
2.8073174381983373e-008
1.553465144884941e-008
7.3733467414190225e-009
6.529613922492349e-008
5.2062064478226286e-008
4.2194898776808525e-009
1.1141312470955102e-008
1.3835681449122486e-008
6.4933243251252416e-008
2.1288397177219591e-008
5.6340924430608314e-008
2.7506191741633183e-008
9.1507235518546178e-008
8.5394632478481679e-008
3.9266014397051393e-008
1.7933420753707377e-008
9.8445352437876219e-009
2.6385274886224741e-008
8.9132398621586772e-008
4.6735112185109942e-009
5.7218119456367367e-008
7.017064018083513e-009
2.5154201149817172e-008
2.4901584650024264e-008
1.5571139079641071e-008
1.6315184775161745e-008
1.7790800464636515e-008
3.0441572738115427e-008
5.27280130380875e-008
6.894414682202087e-008
2.1654118682516029e-008
3.1758558987319091e-008
9.4393330384120915e-008
1.1978400468069765e-008
8.664048296460722e-009
6.1107297105340574e-009
2.4307879920610176e-008
3.9671753537142976e-008
2.1800479300246816e-008
1.6283091320115575e-008
1.7760845152141831e-008
1.6125690808227386e-009
6.3338308995584341e-009
4.6121927115009354e-008
3.8592555492532401e-008
3.6962158949482642e-008
2.4328563614277901e-008
7.4607898179699723e-008
4.0410659076378123e-008
1.6211911656941844e-008
2.9013051857590579e-009
3.589915068113196e-008
9.7167620986117992e-008
2.5745244530961109e-008
2.7615909691278793e-008
5.8240766558593307e-009
2.0326978710590912e-008
2.3149525342023225e-008
2.7762773574056703e-008
2.778105179550372e-008
4.6682565695133078e-008
5.580440129040741e-008
2.5970684145320377e-008
6.7230853045838536e-008
6.1502593556425629e-008
5.7467710691264087e-008
3.0754599823362738e-008
1.1187905152426924e-008
2.7981179359497616e-008
6.3644883842089184e-008
1.5740039376481118e-008
3.9927964669211284e-008
9.9830104954395453e-008
3.9400514356541605e-008
6.3784769756859905e-008
6.3580456029643669e-008
1.3602316077991005e-008
1.0087021545718277e-008
3.3613328810473625e-008
3.9167389891552626e-008
7.5493032707296516e-008
4.6951369877943664e-008
5.7417373682944931e-009
2.6499437513476675e-008
2.4675010484736717e-008
3.6597348123073568e-008
3.7068906580860377e-008
5.5131229173266058e-008
1.1925510516060552e-007
1.068774536543216e-008
3.4269913084809495e-008
4.3844998623404039e-008
1.2003917094272244e-008
5.294420770079534e-008
1.5517845745960814e-008
5.1422273177129253e-008
4.7420463186033981e-008
2.8638933711774147e-009
3.9352142282435235e-008
2.0466408099290261e-008
3.5699100049612539e-008
3.798628572131933e-008
2.6339735289541353e-008
4.7384870428491663e-008
4.7361654022855966e-008
1.5614678595451084e-008
4.3271481582961369e-008
8.5140432231703661e-009
1.066024645796357e-007
5.7897930581579092e-008
5.2688313298128425e-008
4.7650249866977175e-008
1.444182463246915e-008
6.6376322157078874e-008
5.1463611095789032e-008
3.9151967536107049e-008
2.4488331248856508e-009
1.5703216712923396e-008
4.4979211809784726e-008
9.3040712784040212e-009
6.4286328397895404e-008
2.8909146500420065e-008
5.5970850196270275e-009
6.8158879854624182e-008
1.0309410480984216e-008
5.480300160711107e-009
4.9362322318579215e-008
3.5206270194866816e-008
9.3837690881512135e-008
1.0499724899160372e-007
7.0995237916581427e-008
5.1343716420279956e-008
1.6767918247912146e-008
7.9696855481331163e-008
2.9718038875157754e-009
2.6769537070209173e-008
3.6043845765587396e-008
2.8430946349979701e-008
5.0494535075610188e-008
1.746636348511773e-009
2.4267703550378455e-008
1.971995001834385e-008
2.6261335948350297e-008
2.7090582072822599e-008
3.2772650075122299e-008
2.6687590414541467e-008
5.5341426483853002e-008
7.8815642975315989e-008
8.0960781672771237e-008
5.1703267789832844e-008
7.6758097765039555e-009
5.4925395606525063e-008
1.8982195907043716e-008
5.6046940051444708e-009
3.8694464889382369e-008
1.4274979439613612e-008
9.1525878233916555e-009
4.1047079869668439e-008
5.5898109626237326e-008
1.2685712292377504e-008
5.2631683765238694e-008
1.0418693708461044e-008
5.8998927259514174e-009
4.7641084437774735e-008
5.5124499373150301e-008
6.7188043300469244e-008
6.1208791982158391e-008
1.4833001831040252e-008
6.797173475330311e-008
9.8579785071062929e-008
1.0407131567294671e-008
5.8395285271738409e-008
2.108465490290678e-008
1.8701134329970667e-008
1.0022235029236647e-008
1.6682920010281839e-009
2.4219280705248658e-008
2.2449381175638363e-008
6.1189933007963078e-008
2.3513154328249192e-008
1.238835710001679e-008
1.0053752505844323e-009
2.5735467130121865e-008
6.808015601395162e-008
1.7735562627700413e-008
4.5757340978976884e-008
6.6964416095073761e-008
5.8219349746773564e-008
5.4870547729598188e-008
4.5060876776149216e-008
2.8378590103552978e-008
6.1753382913358519e-008
2.3075293033551571e-008
3.1685986455454028e-008
2.5477312306396716e-008
1.1050527585426329e-008
2.1201965945035542e-008
1.0057250822630956e-008
6.6370003040540137e-008
3.4228960099079325e-008
4.0529079711709839e-008
5.7643542093099273e-008
6.6501793600585908e-009
2.6674954575076718e-008
3.9863993805198228e-008
2.4214320150607018e-008
7.2608296518664319e-008
5.9885947315051983e-009
4.1657218208120902e-008
9.1714583418731486e-008
4.6238563371462756e-008
6.4999686203080595e-008
2.4954107760308824e-008
4.4559247649594687e-008
6.0865745254469382e-008
5.757600623403793e-008
1.1946749266282936e-008
2.2232763078795664e-009
7.1438317133472837e-008
4.4833127115709881e-008
6.8558532283248673e-008
4.8006792043556619e-008
2.4762109723782545e-008
4.6890504929275406e-008
6.1881027830342165e-008
2.5589781169923218e-009
7.8140430948972775e-008
3.7174718736566202e-008
2.8331743795309588e-008
3.7970738475850291e-008
6.3987049090622131e-008
6.8134192812576376e-008
2.6721097049534397e-008
5.7320915993441563e-008
1.181213435811919e-008
4.463377703057286e-008
4.4984300356853688e-008
1.4392197803111279e-008
7.6394873243211607e-008
1.5588108710269587e-008
2.7978497522042225e-008
3.8257972892719372e-008
7.8479640332226558e-009
6.6994617424541343e-008
2.4155376343987694e-008
1.9208687391119538e-008
8.3560817082019458e-008
8.0227080074892436e-008
1.1871844063439785e-007
8.4401625156526798e-008
1.5247571814686219e-008
7.1156900239202979e-008
2.837625836251037e-008
6.9970988754939324e-008
4.6977439436006804e-008
3.1579408820303379e-008
7.7376758355036763e-010
2.6449511250255141e-008
8.1239668779209012e-008
5.2079763028761576e-009
5.5784678356881698e-008
2.8397082073822163e-008
2.3341244974978355e-008
2.525249103526366e-008
4.5948977960535143e-008
4.1088678643001618e-008
8.8869452406532231e-008
1.5681731531226032e-008
1.0516976737083444e-007
3.0432834010649307e-008
2.2769070283377524e-009
7.4067806503165797e-008
2.991958916048647e-008
8.2509463852477344e-008
2.30108794456747e-009
1.8412898959797581e-008
3.2040615804014852e-008
3.8395214519615759e-008
8.5972701287631146e-008
5.0605104030971074e-009
1.4979918097816195e-008
1.8424117266555089e-008
9.4932654999944178e-009
4.5133068147307122e-008
6.7631175235054414e-008
5.2121550294126583e-008
1.7212050514605574e-008
5.8511043959008563e-008
9.1508942240102041e-008
7.6640891219166314e-008
1.9689891289990873e-008
7.686690875318709e-008
3.1351087241395759e-008
7.6287639438449425e-009
3.2641079787292226e-008
5.1342452607854023e-009
1.3942288876899983e-008
2.5776514117896892e-008
9.0593968724863758e-008
1.5217349050478924e-008
4.2562817725713126e-008
8.3390762738309872e-009
2.1472853890874644e-008
6.4902200330037433e-008
2.9568787914071165e-008
3.0018118559223966e-008
1.4431206231051801e-008
7.9884090715198196e-008
3.6162817339623474e-008
7.6640891219166314e-008
8.871254361046388e-009
2.8694659268005606e-008
5.2884374346708875e-008
8.2509463852477344e-008
5.2195372894705309e-008
2.5010171647748136e-008
4.6782580703381084e-008
2.6449511250255141e-008
8.0038947596011424e-008
2.5072981439574156e-008
6.9189672870757229e-008
3.8257972892719372e-008
3.2270602846477e-008
2.6089581316755967e-008
2.264477070268433e-008
2.5589781169923218e-009
6.6880465276900886e-009
1.5606930947968083e-008
9.0247561597903138e-008
9.1714583418731486e-008
1.7566694113345088e-008
1.6605814278086379e-008
4.6150950519278648e-008
3.1685986455454028e-008
4.4693876369517061e-009
4.6771011274720564e-009
6.7957865493761419e-009
2.2449381175638363e-008
5.9877453874795051e-008
1.7342180640864812e-008
2.5457544607879404e-008
1.0418693708461044e-008
3.4105110133755689e-008
6.8245365757254099e-008
5.3278127785848561e-008
2.6687590414541467e-008
8.1674589214438196e-008
5.7024824260591373e-008
3.8719974078931278e-008
1.0499724899160372e-007
4.221265433179443e-008
2.7282411212710045e-009
3.7628344976806026e-008
6.6376322157078874e-008
2.1406247567255664e-008
4.5301135851419052e-008
1.6518631418871784e-008
2.8638933711774147e-009
3.7927914877501523e-008
9.3646316687555898e-009
4.8431965660754413e-008
4.6951369877943664e-008
3.4149710860359738e-008
4.6879236029299586e-008
2.2493374435504533e-008
5.7467710691264087e-008
5.6974851693272037e-008
1.0825357163211146e-008
8.9220607330681258e-008
1.6211911656941844e-008
6.5066778170290639e-008
8.0623563144681748e-008
2.7316709417724038e-008
1.1978400468069765e-008
4.5489942341306957e-008
1.2036089482327627e-008
3.8041325384471872e-008
2.6385274886224741e-008
8.7596238116635195e-008
3.4279432984173323e-008
6.9614691512869353e-008
1.553465144884941e-008
3.2404556601823092e-008
2.372516263430418e-008
4.9544719248402342e-008
2.4641867063502325e-008
3.0487452832915276e-008
2.7010723210440082e-008
3.4117995839999447e-008
2.5917220429197643e-008
1.072780098135947e-008
6.316502879113259e-008
1.5216194860698157e-008
4.3087208084638061e-008
1.653636996807312e-008
5.8429964084444602e-008
2.0898899127539235e-008
2.7876435746024084e-008
6.2067956428146815e-008
1.3499762364299684e-008
2.0519068455626221e-008
4.8484593354955112e-008
2.886979868920347e-008
6.0506670366706855e-008
1.518330154265423e-008
9.9709504635498673e-009
2.2125435960503981e-009
6.3053851085606528e-008
8.1035123871825767e-008
3.383195693963777e-008
8.5472020164216513e-009
4.3918220419843329e-008
9.1693540367133315e-008
7.2403632306127481e-008
3.9674653498328362e-009
2.1587749972500729e-008
2.9558699641150919e-009
7.9351706367194864e-009
3.4752083453732166e-008
7.8344714909795332e-009
3.812175601265009e-008
1.349104135926081e-008
2.3545588566187668e-008
3.3774552664724351e-008
3.8653240033206708e-008
6.8803936620371541e-008
8.3401300282804366e-008
1.0157001341924349e-008
2.2358093813921755e-008
3.9956272192198788e-008
2.6030822787415843e-008
2.2883289112894976e-008
7.601189936035959e-008
1.264333226464096e-008
2.2679814671851987e-008
6.4397868302913265e-008
1.3195889872768681e-008
1.0214655959824056e-008
7.9045210826551305e-008
2.7377148929521623e-008
5.3933202847152632e-008
4.2858855005011831e-008
1.6432077551039824e-008
6.6973096360699456e-008
6.0331441503473404e-008
3.0612752508834739e-008
5.1547118081225427e-008
2.2305222395038675e-008
6.5692323134580549e-008
4.4290318118234772e-008
4.1723213001530536e-008
6.0386294495541342e-011
5.8541833881647741e-008
3.837913712231792e-008
3.9600829408868376e-008
2.3979091944456078e-008
2.7556531731716329e-008
2.6573195865516528e-008
4.8151503751264706e-008
4.5128421682696767e-008
6.7953560692509633e-008
4.2890749464759768e-009
7.5294171936513571e-009
3.6663539820774342e-008
2.0604901421309403e-008
9.3649515841659591e-009
1.7905879588141701e-008
5.297494829357121e-008
1.0723313447175253e-007
4.6834246082390127e-008
5.5624524141858514e-008
6.8991346501091652e-008
3.928349509241877e-008
6.2323013069773931e-008
5.4730661279432394e-008
6.3206060208644752e-008
4.0126207394486757e-008
4.1140600188202809e-008
8.8860889811260256e-008
9.8016986505287683e-009
1.1707764284833285e-008
3.0075366283618918e-008
3.1622410815190538e-009
6.6279725595538307e-008
3.8702605335122143e-008
6.4030885919678535e-008
9.3714642107247117e-008
8.185232802501722e-008
4.3193415769597888e-008
4.7588207442918033e-008
6.773490768508816e-008
4.2588997235147325e-008
1.8237034316016046e-008
8.4475111966348059e-008
1.6230922309321328e-008
1.9211327048788132e-008
5.0905068196865704e-008
2.2058257054623531e-008
5.4389954339920818e-008
4.3702181474109955e-009
2.2149295180898841e-008
5.4069724617720586e-008
4.8243916942032515e-008
3.2393335865403744e-008
5.5009026742806431e-008
2.0475723638646122e-008
5.6495039151898716e-008
1.4945173804474402e-009
8.1152237281611982e-008
4.6552353551680436e-008
1.8777919416702886e-008
1.4399130510881247e-008
8.5750077370878073e-008
1.756586209556e-008
4.6794354610347233e-009
5.4855751249254203e-008
1.8758113272085251e-008
1.1069454591754874e-008
9.1516205155009914e-008
1.6751184628461209e-008
3.0800191489127701e-008
1.0135338420580621e-008
3.3972013967938406e-008
5.8427769552988187e-008
9.9187266573757304e-009
2.4865504549141171e-008
1.7488834139590224e-008
2.6792204590142715e-008
1.1731809579295229e-007
4.3726836127583046e-008
1.0244839762639825e-008
7.7951709552547423e-008
6.1124004710413256e-008
3.613855312723398e-008
5.0813227019373426e-009
7.285666681893197e-009
1.1557100240589711e-008
1.8713331475031307e-009
5.3468646941169787e-008
2.73413523662785e-008
3.7660604407079702e-008
3.0549083272749282e-008
1.7911567306365494e-008
2.0965152229118768e-008
2.2645559270199339e-008
4.3152647428740688e-008
8.7918966547903755e-008
5.0298000215863559e-008
4.7917050585839334e-008
3.9111806509657942e-008
3.5022331266743786e-009
4.6183305105826581e-008
3.4710264324355653e-008
5.2919921515951199e-008
1.3051503872477313e-008
3.9348152769869753e-008
6.1464476552837316e-009
5.5362587849318105e-009
8.7012368527992836e-008
3.6140872796076939e-008
4.2730685763571584e-008
4.9171349807115579e-008
6.2728237162141975e-011
4.3418439727247582e-008
3.3581563611336387e-008
5.7651308803997645e-009
4.5335305460467257e-008
7.2012055703175966e-008
8.0501828042694682e-008
3.2707416030545957e-008
1.4500515815426637e-009
1.2627837196282895e-008
9.684501558836312e-008
6.7910118607733165e-008
1.923125926603874e-008
6.9618174703601342e-008
2.5260040594944202e-009
1.1153472847428755e-008
4.5388792900595106e-008
4.3149897346671212e-008
4.6010586615843518e-008
1.2628038612791005e-010
4.4301500739750588e-008
6.4080076279791738e-008
4.2726891633086557e-008
5.8667031661114845e-008
9.6549587145602423e-010
1.5490292438316209e-008
1.1129409723063398e-007
2.4513816016496699e-008
4.6121661673529334e-009
7.0803398894171631e-008
6.6852571932269875e-008
8.110929606727091e-008
2.3620740719665367e-008
1.668447601313251e-008
6.9561800295504236e-010
1.4980460250975075e-008
7.5350591224527361e-008
4.8368577572486278e-008
4.7500458779872859e-008
1.4916281377632368e-008
2.2873628491454486e-008
2.1252947280139671e-008
5.0081694393220593e-008
6.1733090392256584e-009
6.6018362259914461e-008
2.6452821387810363e-009
3.6533087484961354e-008
1.4531158160740344e-008
5.9842618886536818e-009
3.367030169772587e-008
3.5072914417980648e-008
5.2663408344926359e-009
2.6220099436003474e-008
4.3373468735001151e-008
6.551381882736395e-010
1.7017372624630877e-008
3.0151603597988572e-008
5.1797065021525372e-008
4.7200453555139664e-008
2.8167819081605228e-008
3.4218189204659124e-010
3.8334346446658541e-008
5.5646123609176385e-008
6.7020088108249701e-008
1.8072005074802776e-008
1.8989571083665159e-008
6.3745184467038057e-008
1.0298158557823186e-007
5.5664903576056594e-009
5.2494051978355228e-009
9.1830738106643459e-008
1.4887624877004138e-008
2.7029486925285983e-008
6.8270451942686085e-008
2.4044128850523406e-009
1.7264361449546919e-008
5.6532084709788066e-008
5.3435510971373022e-008
4.5110722489745811e-008
3.9628484335993795e-008
3.8521966764107437e-008
5.362454903372783e-008
5.9420330547959138e-008
1.0951026716481968e-008
7.9539216991765451e-008
3.3542725616217322e-008
8.9165227660974796e-008
8.9417025662968754e-008
3.359002999623643e-009
4.7550503152744615e-008
5.6473285821042046e-008
2.2718343436583064e-008
2.6049054534360321e-008
9.9745011490227943e-009
5.9432908087176919e-009
1.5721578058994509e-008
8.1120582402529652e-008
5.3284066957222521e-008
4.1231416742878627e-008
4.92984286214206e-008
1.172803179374125e-008
6.712370655902874e-008
6.1404467136147283e-008
6.8213028654530773e-008
2.8016917379503486e-008
4.6304897750201048e-008
1.1279336860945635e-007
7.4063862193150296e-008
6.3804894658541483e-010
5.0540752905534404e-009
1.9329073823527234e-008
2.8758648152267361e-008
2.3278953917607419e-008
3.1291363930125892e-008
1.1271620534627575e-008
1.2389174062778787e-008
3.0558059936479405e-008
5.1342884507845447e-008
3.5562687977329473e-008
5.717780341210163e-008
4.7008954792259005e-008
1.7145144595330227e-008
6.1598684183967575e-008
8.5692335556726008e-009
8.5899080971596017e-008
5.7276238692677014e-008
3.0886394505108506e-008
5.6922246462991198e-008
6.4245138880968389e-009
5.4269653728651107e-008
7.0711333474490712e-008
3.3008690494168784e-008
1.8719336409054152e-008
5.0816671931011369e-008
1.838925079098986e-008
7.2673006399032313e-009
5.1566149050118858e-008
4.7612114881628155e-008
2.8104687594471623e-008
2.8450256750529721e-009
1.6637500896019611e-008
2.7065276328419032e-008
6.0003133605166002e-008
6.2247064652950457e-008
3.0801444671303887e-008
6.6456900044433488e-008
5.0935574861433391e-008
3.7992329573668544e-008
1.4000240598997211e-008
8.1971100878299969e-009
2.9990234920848687e-008
3.5468622088474825e-008
1.2370353493285693e-008
6.8550576462184123e-008
5.1322081672969507e-008
3.5610938735428912e-010
7.0782709502626554e-008
4.2091909726508442e-008
1.8857566989274869e-008
1.4564614121127459e-009
4.8335804329486592e-008
3.5194817518797281e-008
5.6617966641139209e-008
9.7085849816289559e-010
8.5099166240969882e-008
7.384703339983158e-008
6.9193307376198439e-008
1.7274263179915331e-008
2.3365077318905363e-008
5.3828964793543108e-008
7.7788269367139289e-008
3.6138594229983613e-008
4.2321564915282831e-009
3.1059271254556617e-009
4.062297904941296e-008
8.3442483872041892e-009
8.8207892592103436e-008
3.4782420156097731e-008
7.6259044214232297e-008
3.9678333935501288e-009
1.4387436998175639e-008
4.1533919543608213e-008
5.1443334748854728e-008
4.9123407782826e-008
2.6426798319206448e-008
7.9446789946751991e-008
8.5659743952887073e-008
9.4964753428997089e-008
6.2264414821910453e-008
4.1809110333489371e-009
3.3490889721827356e-008
3.5018758369582775e-008
5.6951032813821858e-009
1.7260922659312202e-008
2.8135030252400419e-008
1.8833621241059578e-008
3.0495074876398957e-008
2.5683797937477711e-008
6.343124178655205e-008
4.6892415947112056e-009
4.2503726907891212e-008
4.6082733888485245e-008
4.4479389378868545e-008
1.7668038245771227e-008
7.7140684324654885e-008
8.3256321466770411e-008
1.003350357156912e-007
7.0666602611298496e-008
4.9317717256215229e-008
4.6229647961345458e-008
7.7705305048819539e-008
3.210926595175189e-008
1.7411274203142731e-008
2.9624969380490544e-008
1.3858386820974933e-008
4.4818433925951755e-008
4.4341061033352269e-008
1.4796194039507198e-008
4.8814773532993141e-008
3.6208375809062244e-009
4.9790518189485136e-009
4.884141203265132e-008
3.5726281975325125e-008
2.8843269192154108e-008
1.4894190210962837e-008
8.5275779134972471e-008
1.1321933455524437e-007
4.4580756461020931e-008
3.4582363655157219e-008
8.6485075724082545e-008
2.9832249893267204e-008
2.7410268414562486e-008
5.3330699057315526e-008
4.0198218725471256e-008
2.206800005077122e-009
3.0748272809289258e-008
5.6396124371643313e-008
2.1197602164355971e-009
3.2409790567972493e-008
7.6277266478454957e-010
2.9513934075993153e-008
4.9810105563790368e-008
2.5184163754040738e-008
7.3560890005042457e-008
6.2024846230798305e-008
8.5505314520086751e-008
1.2431279177614208e-007
1.6707366047369755e-008
1.8058505573181644e-008
3.1472914569333658e-008
7.0463652303238731e-008
2.0921917027228639e-008
3.8033595477276809e-008
4.898082212433638e-008
2.0060378699537406e-008
1.4889550897482772e-008
6.6660416436994121e-008
5.8493821132137497e-008
1.4216444254453353e-008
6.2210204690760184e-008
5.2256989187449671e-008
4.898896571855648e-008
1.2853186368272225e-008
1.4078597121402187e-009
3.79516869651038e-009
8.3945079384407451e-008
2.9902912996367951e-008
8.7226183499169081e-008
2.537056219436137e-010
6.8146133731691531e-008
1.9015526831262336e-008
1.264436353991148e-008
2.0948034786057233e-008
5.5972931152333021e-008
3.8895959772852108e-008
2.7575805338054746e-009
7.5134088632113588e-008
4.2237184361178133e-008
6.2657977681818562e-008
5.5770476195737689e-008
9.3676369230311666e-009
4.6378143956955678e-008
1.2664992008662912e-009
4.2543431073191231e-008
3.975286348628784e-008
8.0595224683830523e-008
3.74195292512332e-008
5.5773920344051682e-008
2.0354118749089855e-008
9.5599758523025026e-009
5.6064522138851556e-008
8.9784739457590319e-008
2.0741685802990274e-009
6.1174697226726953e-008
1.7462726031989087e-008
5.3724473485624834e-008
8.1817292626496813e-008
2.4192171828541193e-008
4.0885464319669759e-008
4.7541541308688815e-008
2.8530193147159504e-008
4.1977791847440453e-008
1.0195073291819132e-007
3.3181609285392019e-008
8.1507459815862943e-008
7.5455901967853842e-008
4.3145758156779357e-008
2.2534567020585274e-008
5.4516141397805727e-008
4.265159241488035e-008
9.1320631464480654e-008
7.7925546202419963e-008
1.858785202048566e-008
6.4586271909936152e-008
5.7584456284200845e-009
3.2497765377870972e-008
8.6710179673445523e-008
4.3589346030984384e-009
1.7325041654492731e-008
3.7523551193556662e-008
4.5901376810388425e-008
3.5788060837181281e-008
8.424904601833339e-008
4.3725180401834274e-009
1.03259471013906e-008
6.8527262779548098e-008
4.7081751378343321e-008
8.7675161559936091e-008
3.0835685043653273e-008
7.3950657771353887e-008
3.4509126134345304e-008
6.4277604915798689e-008
4.3191209587726817e-008
6.6207806454865723e-008
4.7820779130809569e-008
9.4831019579316015e-009
1.6487844308465843e-008
5.356481107868132e-008
6.0391269241897837e-008
2.5716657500282323e-008
2.3512902466200202e-009
2.780910213724374e-008
6.4759105384702302e-008
4.0133716718519688e-008
4.849882850549407e-008
5.980945845559791e-008
4.9227660188526353e-008
5.0857844165288773e-008
5.3674811565985154e-009
1.0002662680599417e-008
6.6183737481351676e-008
4.8841067159778841e-008
1.8949770964884768e-008
6.6039452562661764e-008
2.1020861125307548e-008
1.5319365382737002e-008
1.7803654200611899e-008
3.0152582591883209e-008
3.3252587928760725e-008
1.2121011503102149e-008
1.1440303179295005e-008
1.8041067296848828e-008
4.3481062638469471e-008
7.4102138451168812e-008
8.4878729092222007e-008
4.9302640526245032e-008
4.9583636046692829e-008
1.2253890453095956e-008
2.1888319107824266e-008
3.7721034074140948e-008
9.6065917369580908e-008
3.1616084002752662e-008
7.0793679544449442e-009
6.4081361473425881e-008
7.5665406157191233e-009
3.3995112087335076e-008
1.7329601418523405e-008
4.9525836308208193e-009
7.2735071036295628e-008
6.2814995461572491e-008
2.3440978571300751e-008
6.4841076291126547e-009
2.0415068728804369e-008
8.7699744627570402e-009
8.3370802759241932e-009
3.7006960115420047e-008
4.8149830598929377e-008
7.201762615702135e-008
4.5810786423421464e-008
6.3647309063192996e-008
3.3892394316292197e-008
1.2602806993963276e-008
4.9322339975203024e-008
6.0333684875462253e-008
4.0636934377573255e-008
5.6142794515285359e-009
8.8381588965517972e-008
4.8783163558174023e-008
4.2018736735705007e-008
4.5639503553571204e-008
3.365088730513306e-008
5.4788674892784853e-008
4.4387249577768255e-009
2.1618215182647403e-008
4.1136174940375688e-008
2.2922568740561145e-008
4.4926395098636025e-008
2.9836616555485703e-008
1.4976154476902079e-008
8.7781639059131157e-008
6.0193985066142409e-008
7.8986234119385726e-008
1.9714691625483181e-008
5.4796573844550297e-008
8.4716947310388689e-009
5.1344272151144976e-008
8.4325163675146369e-008
2.0005081831588571e-008
7.7918081488032246e-008
2.6675713367361129e-008
4.2070180869016718e-008
3.9651711684833583e-008
8.8015072445963331e-008
5.0214082314024106e-008
7.2142743144551169e-008
7.0496177127542689e-009
3.9913480985951389e-008
8.6015125182874224e-008
1.764561988514879e-008
1.6685328358154666e-008
8.470359899086331e-008
5.6393134985208119e-008
1.1680202822960977e-008
4.7470180056171478e-008
5.3090985884895162e-008
1.9385679969850328e-008
7.8479330188533537e-008
6.0251889718395202e-008
4.3624699936652377e-008
5.9237765208091963e-009
4.8699010744767928e-008
2.2726277775675474e-008
5.9581095183388923e-008
7.7017778821537637e-008
9.7576798470640962e-009
1.0611741463391343e-008
3.3111239694605515e-008
4.0257665388561275e-008
4.4675688004193609e-008
3.7240176071176772e-008
1.7169420008452986e-008
3.2012195952574128e-008
3.934551504594874e-008
3.8354654876345631e-008
1.7348514037739575e-008
1.4359959564741441e-008
7.0844240123842774e-008
2.7896330778709125e-008
7.5941512407140517e-008
4.9450893956759593e-008
5.3537528526661675e-008
4.0125246824792905e-009
The average relative error for EX2 is 3.7720680182607877e-008
The max realtive error for EX2 is 1.2431279177614208e-007
