Relative error for LG2, test started with input 0.10000000149011612 ended at 100 with a step of 0.05000000074505806
1.0690922215330592e-007	0.10000000149011612
7.1819816195226071e-008	0.15000000596046448
1.5176908882770714e-007	0.20000000298023224
6.2352479896694282e-008	0.25
1.1158570484343723e-007	0.30000001192092896
9.7720966423290224e-008	0.35000002384185791
1.3439948067441084e-007	0.40000003576278687
8.8263730048712192e-008	0.45000004768371582
1.2878843017774947e-007	0.50000005960464478
1.4391753178870213e-007	0.55000007152557373
1.5185606019742465e-007	0.60000008344650269
1.0402870325590887e-007	0.65000009536743164
1.7973030397539316e-007	0.7000001072883606
1.8366536857201658e-007	0.75000011920928955
3.9460420454638702e-007	0.80000013113021851
3.1052480446245517e-007	0.85000014305114746
2.2656644714506125e-007	0.90000015497207642
5.1383282824245358e-007	0.95000016689300537
0.62414073777900636	1.0000001192092896
7.7554922716093127e-007	1.0500000715255737
6.9449699231554007e-007	1.1000000238418579
2.4683382784384853e-007	1.1499999761581421
2.8134890691670211e-007	1.1999999284744263
1.2100029523654583e-008	1.2499998807907104
7.389848138694469e-008	1.2999998331069946
2.929747572657348e-008	1.3499997854232788
1.426429380071681e-007	1.399999737739563
9.0971440863022569e-008	1.4499996900558472
1.8663650416592259e-007	1.4999996423721313
1.4615555630976978e-007	1.5499995946884155
1.112910450381897e-007	1.5999995470046997
7.5696710002481303e-008	1.6499994993209839
1.2060409121457224e-007	1.6999994516372681
4.94454980736852e-008	1.7499994039535522
1.0913518967352826e-008	1.7999993562698364
6.6101293337410871e-008	1.8499993085861206
1.2116519987328249e-008	1.8999992609024048
5.6684902736162214e-008	1.949999213218689
6.2749677305608252e-008	1.9999991655349731
5.7979980276779299e-008	2.0499992370605469
9.5046554586095571e-009	2.0999991893768311
2.4387937974176238e-008	2.1499991416931152
5.1067615674711099e-008	2.1999990940093994
1.1240010948540335e-008	2.2499990463256836
1.7967844903113886e-008	2.2999989986419678
4.500429986945421e-008	2.349998950958252
3.091176602615388e-008	2.3999989032745361
9.4698619815514468e-008	2.4499988555908203
1.0481334483237731e-007	2.4999988079071045
9.5596086767618184e-009	2.5499987602233887
8.0389461412743469e-008	2.5999987125396729
3.7013371291975259e-008	2.649998664855957
4.896283517591751e-008	2.6999986171722412
2.1129953998182092e-008	2.7499985694885254
3.0968207623743667e-008	2.7999985218048096
5.9985809889820791e-008	2.8499984741210938
4.4607508167581677e-008	2.8999984264373779
3.4477393114526214e-008	2.9499983787536621
6.4697201874389545e-008	2.9999983310699463
2.5844600736705333e-008	3.0499982833862305
5.2550677413625364e-008	3.0999982357025146
1.8114209532927818e-008	3.1499981880187988
7.6537419405693025e-008	3.199998140335083
2.7826797881490502e-008	3.2499980926513672
4.6985810015106972e-008	3.2999980449676514
7.6870647055541923e-009	3.3499979972839355
5.7944424162307542e-008	3.3999979496002197
4.3550333878920952e-008	3.4499979019165039
5.3715683632871467e-009	3.4999978542327881
2.3763012492333645e-008	3.5499978065490723
3.6125846601956662e-008	3.5999977588653564
6.1750541368683079e-008	3.6499977111816406
9.1911474079382803e-009	3.6999976634979248
2.4560036093546151e-008	3.749997615814209
6.4569401004726918e-010	3.7999975681304932
3.8035199743250848e-008	3.8499975204467773
3.7979212574040257e-008	3.8999974727630615
5.6906099358440794e-009	3.9499974250793457
3.63629777497497e-008	3.9999973773956299
1.4488115194967189e-008	4.0499973297119141
2.0807537897556432e-008	4.0999975204467773
5.633464742858192e-008	4.1499977111816406
3.2041739220566711e-009	4.1999979019165039
2.8865721579810936e-008	4.2499980926513672
4.2927169628766634e-009	4.2999982833862305
3.6017835000379996e-008	4.3499984741210938
4.1431376203899845e-008	4.399998664855957
7.9404962069551844e-008	4.4499988555908203
1.1090105617354507e-008	4.4999990463256836
2.5656333467423722e-008	4.5499992370605469
1.0238731643892551e-008	4.5999994277954102
2.0509592101562829e-008	4.6499996185302734
8.2110532642624769e-008	4.6999998092651367
7.1021917843144756e-009	4.75
2.4564093530694945e-008	4.8000001907348633
2.8142545362404577e-009	4.8500003814697266
2.8188169646188268e-008	4.9000005722045898
8.6035205051177894e-008	4.9500007629394531
2.0475399988475404e-008	5.0000009536743164
7.851634308271648e-009	5.0500011444091797
2.8955233652985407e-008	5.100001335144043
8.8610632345291403e-009	5.1500015258789062
1.0282080651771885e-007	5.2000017166137695
5.2160348849513725e-008	5.2500019073486328
2.9395331100668594e-008	5.3000020980834961
8.2280782123407599e-009	5.3500022888183594
4.2849289032278114e-008	5.4000024795532227
4.1012452045567066e-008	5.4500026702880859
1.2892664087352866e-008	5.5000028610229492
4.690506172769011e-009	5.5500030517578125
5.103853791959685e-008	5.6000032424926758
5.0701102056212142e-008	5.6500034332275391
5.7460235666042757e-008	5.7000036239624023
2.9425167082576495e-008	5.7500038146972656
1.4943766362106307e-008	5.8000040054321289
4.7573895944466177e-008	5.8500041961669922
6.2571172684310255e-008	5.9000043869018555
1.2693984659688052e-008	5.9500045776367187
1.4990797332345035e-009	6.000004768371582
3.1695343527450858e-008	6.0500049591064453
3.1263571982557941e-008	6.1000051498413086
4.5393363293957684e-008	6.1500053405761719
2.7890098940789431e-008	6.2000055313110352
1.5779637520051912e-009	6.2500057220458984
2.6349451843050603e-008	6.3000059127807617
6.552716550547303e-008	6.350006103515625
5.7836143820785486e-008	6.4000062942504883
3.1842592263526209e-008	6.4500064849853516
7.7259838483817384e-009	6.5000066757202148
2.4153883228129958e-009	6.5500068664550781
8.3181840746326843e-008	6.6000070571899414
4.024247499797127e-008	6.6500072479248047
6.7377321470736451e-008	6.700007438659668
4.3185846206420537e-008	6.7500076293945313
3.4712602735963562e-008	6.8000078201293945
1.5929657393692395e-008	6.8500080108642578
4.3240888306586587e-008	6.9000082015991211
6.9906348350502595e-009	6.9500083923339844
5.0429716489279375e-008	7.0000085830688477
3.1211850337355852e-008	7.0500087738037109
1.1732338306776266e-009	7.1000089645385742
2.5182206272607303e-008	7.1500091552734375
6.9742409986106299e-008	7.2000093460083008
1.8411517835498428e-008	7.2500095367431641
6.5729306024612373e-008	7.3000097274780273
1.2399838278027141e-008	7.3500099182128906
3.0892934023612462e-008	7.4000101089477539
4.5036557085588248e-008	7.4500102996826172
6.5561182067454275e-008	7.5000104904174805
2.1863070127837499e-008	7.5500106811523438
2.2786577264525893e-008	7.600010871887207
1.3324468263726186e-008	7.6500110626220703
6.5258217721852774e-008	7.7000112533569336
2.8382248318135724e-008	7.7500114440917969
7.2757387248421736e-008	7.8000116348266602
6.9660196559561757e-008	7.8500118255615234
4.3423059024034593e-008	7.9000120162963867
4.638912397366554e-008	7.95001220703125
2.4577281591680012e-008	8.0000123977661133
2.8504967080334155e-008	8.0500125885009766
1.0020745445848754e-008	8.1000127792358398
5.6520936165283802e-008	8.1500129699707031
1.3621679576588706e-008	8.2000131607055664
3.3761644477610136e-008	8.2500133514404297
1.8117706354857623e-008	8.300013542175293
1.267593302525446e-008	8.3500137329101562
5.3525021540674823e-008	8.4000139236450195
1.968871604952558e-008	8.4500141143798828
1.9842192093758555e-008	8.5000143051147461
3.1615920525056445e-009	8.5500144958496094
2.5858455278206225e-009	8.6000146865844727
1.2530106573401294e-008	8.6500148773193359
2.4155063294289591e-008	8.7000150680541992
5.012914283176019e-009	8.7500152587890625
7.3720154403307729e-009	8.8000154495239258
8.1809170451396602e-009	8.8500156402587891
6.2331886463416457e-010	8.9000158309936523
3.3164520383574554e-008	8.9500160217285156
4.12051681362561e-008	9.0000162124633789
5.9982086641317465e-008	9.0500164031982422
2.9344067265538813e-009	9.1000165939331055
4.2282896797380707e-009	9.1500167846679687
1.3395653501331956e-008	9.200016975402832
2.5071697521909364e-009	9.2500171661376953
1.8984698452749623e-008	9.3000173568725586
3.305434714779277e-009	9.3500175476074219
7.6950446721857731e-008	9.4000177383422852
3.3162583366400182e-008	9.4500179290771484
2.7890835905509718e-008	9.5000181198120117
6.4407645707363024e-008	9.550018310546875
1.5618366860999841e-008	9.6000185012817383
4.8732291355584153e-008	9.6500186920166016
3.8271972013895686e-008	9.7000188827514648
1.4364429826659552e-008	9.7500190734863281
5.9674477566382945e-008	9.8000192642211914
1.0822949795881732e-008	9.8500194549560547
4.7893159322376444e-008	9.900019645690918
1.3622686770834073e-008	9.9500198364257812
2.235338124212357e-009	10.000020027160645
8.6755622243592559e-008	10.050020217895508
6.5261566303460078e-009	10.100020408630371
3.2164998004512373e-008	10.150020599365234
5.9670218363995403e-008	10.200020790100098
3.6487223827227076e-008	10.250020980834961
5.695857761373345e-009	10.300021171569824
6.6562944919996412e-008	10.350021362304687
9.6081027758409019e-009	10.400021553039551
5.8613825324994053e-008	10.450021743774414
2.9025849638008975e-008	10.500021934509277
1.9050576468088992e-008	10.550022125244141
1.3037540416542049e-008	10.600022315979004
1.8969506461532694e-008	10.650022506713867
6.3812628703800461e-008	10.70002269744873
9.5615246579437086e-008	10.750022888183594
3.8034137262669982e-008	10.800023078918457
8.4095736521205067e-009	10.85002326965332
1.3155277765470588e-008	10.900023460388184
1.4925071296524608e-008	10.950023651123047
1.6773778135342432e-008	11.00002384185791
8.1751683021557814e-008	11.050024032592773
7.289882368146473e-008	11.100024223327637
8.9499373777985921e-008	11.1500244140625
5.3970087023972858e-009	11.200024604797363
5.4114116905229386e-008	11.250024795532227
6.2722489996714361e-008	11.30002498626709
1.7206212227813654e-008	11.350025177001953
4.859053315874682e-008	11.400025367736816
4.182179724631286e-008	11.45002555847168
5.2500311730711516e-009	11.500025749206543
5.3984488210791109e-008	11.550025939941406
3.694887073234462e-008	11.60002613067627
5.1593233611477454e-008	11.650026321411133
6.0306556672462901e-008	11.700026512145996
3.953437059299283e-009	11.750026702880859
4.4209940542282786e-008	11.800026893615723
3.0996231108689017e-008	11.850027084350586
6.4955063437716152e-008	11.900027275085449
1.3882505113814974e-008	11.950027465820313
7.492757356445743e-008	12.000027656555176
4.8345259686890695e-008	12.050027847290039
8.5717957908560087e-010	12.100028038024902
8.8435877623987688e-009	12.150028228759766
4.8302816555847068e-008	12.200028419494629
1.8345180138743895e-008	12.250028610229492
1.0973273970157758e-008	12.300028800964355
7.0047736383668882e-008	12.350028991699219
1.6004613756716935e-009	12.400029182434082
1.4759118433291253e-008	12.450029373168945
2.4310258958172054e-008	12.500029563903809
3.8241477376439906e-008	12.550029754638672
4.4516105098852831e-008	12.600029945373535
1.8874536339018458e-008	12.650030136108398
2.0853594650440245e-008	12.700030326843262
1.7122914105098508e-008	12.750030517578125
1.1695201207078412e-009	12.800030708312988
2.1131430880806625e-009	12.850030899047852
1.7365713530261618e-009	12.900031089782715
1.5879356859999603e-008	12.950031280517578
9.5133796794989242e-008	13.000031471252441
8.4238509262586603e-008	13.050031661987305
4.4655907244663984e-008	13.100031852722168
4.9087652261739466e-009	13.150032043457031
6.6489050808365025e-009	13.200032234191895
7.381328083615683e-008	13.250032424926758
2.6036981566272936e-008	13.300032615661621
6.2809976791362577e-008	13.350032806396484
9.1899092478054421e-008	13.400032997131348
4.9751835409776949e-008	13.450033187866211
2.8277939259413393e-008	13.500033378601074
5.5458027295945151e-008	13.550033569335938
6.7769850539880751e-008	13.600033760070801
6.5276458729479374e-008	13.650033950805664
1.5098629779048295e-008	13.700034141540527
8.8958930802250875e-009	13.750034332275391
1.6975470162400997e-008	13.800034523010254
2.6041395871634776e-008	13.850034713745117
4.3513474875057356e-008	13.90003490447998
4.6215325952336012e-008	13.950035095214844
1.1346471536860143e-008	14.000035285949707
2.7375263287549381e-008	14.05003547668457
2.53641852446454e-008	14.100035667419434
1.7908113485330338e-008	14.150035858154297
2.4750213805468246e-009	14.20003604888916
3.8146240330250682e-008	14.250036239624023
1.5287881926026588e-008	14.300036430358887
1.8704778642906044e-008	14.35003662109375
4.8293822457228714e-008	14.400036811828613
4.207449266237348e-008	14.450037002563477
2.7543939033849196e-008	14.50003719329834
4.7341329835870523e-009	14.550037384033203
9.6452420843818626e-010	14.600037574768066
7.7723874470629764e-008	14.65003776550293
3.8447755567475777e-008	14.700037956237793
4.6825875143660767e-008	14.750038146972656
9.1471719701931598e-009	14.80003833770752
4.0279246059061627e-008	14.850038528442383
4.7245208974918019e-008	14.900038719177246
4.9063904472374175e-009	14.950038909912109
6.2510932103682631e-008	15.000039100646973
7.0807589834770609e-008	15.050039291381836
2.9977800370430478e-008	15.100039482116699
3.288249152577678e-008	15.150039672851563
3.0081670673393726e-008	15.200039863586426
3.8142076290645786e-008	15.250040054321289
2.3569716100297639e-008	15.300040245056152
4.0583183715714824e-008	15.350040435791016
6.2314125205482651e-008	15.400040626525879
3.1986387049015686e-008	15.450040817260742
7.6380807067275951e-009	15.500041007995605
7.471594866377299e-008	15.550041198730469
6.793505149675198e-008	15.600041389465332
2.7668739681576196e-008	15.650041580200195
3.8622182371133493e-008	15.700041770935059
3.4780770189998548e-008	15.750041961669922
4.5989991419659043e-008	15.800042152404785
2.1696230226948312e-008	15.850042343139648
4.8207004506491097e-008	15.900042533874512
4.6827582577456863e-008	15.950042724609375
5.0218965751851114e-009	16.000041961669922
6.091002538296741e-008	16.050041198730469
2.5129746453649021e-008	16.100040435791016
6.7873856858091669e-009	16.150039672851563
3.8894275553846577e-008	16.200038909912109
8.8249731162439455e-008	16.250038146972656
1.2180025959051654e-007	16.300037384033203
5.4273023518859094e-008	16.35003662109375
4.1562388155375209e-009	16.400035858154297
2.3643061861484754e-008	16.450035095214844
2.7459583219994334e-008	16.500034332275391
1.006123448782111e-007	16.550033569335938
4.036648664634933e-008	16.600032806396484
6.8075640915104166e-008	16.650032043457031
9.4915071484938783e-008	16.700031280517578
9.2065412133358478e-008	16.750030517578125
4.1050255431956216e-008	16.800029754638672
2.6436911283237797e-008	16.850028991699219
1.5535474514765128e-008	16.900028228759766
4.3363656766384704e-008	16.950027465820313
1.0234286817549186e-007	17.000026702880859
5.0815472067120691e-008	17.050025939941406
3.5500576348399493e-008	17.100025177001953
8.5272446111637249e-009	17.1500244140625
3.4998824487844223e-008	17.200023651123047
1.629075283035308e-009	17.250022888183594
1.6795640916133185e-008	17.300022125244141
1.2238062240319064e-007	17.350021362304688
2.0714666521615516e-011	17.400020599365234
4.8228603106187058e-008	17.450019836425781
3.5661864500390181e-008	17.500019073486328
7.7823115874101673e-008	17.550018310546875
2.3831632127703915e-008	17.600017547607422
1.2360659494656252e-008	17.650016784667969
2.0052844914292701e-008	17.700016021728516
1.8178789794795266e-008	17.750015258789063
7.0742547499579422e-008	17.800014495849609
3.0944811717773668e-008	17.850013732910156
1.3626976274604476e-008	17.900012969970703
1.0129017739524716e-007	17.95001220703125
1.4305426316799062e-008	18.000011444091797
3.9994553333416921e-010	18.050010681152344
8.8376455215622616e-009	18.100009918212891
9.0032521629008949e-008	18.150009155273438
7.9431677818631667e-008	18.200008392333984
2.7678282492769913e-008	18.250007629394531
8.0272843756448272e-008	18.300006866455078
2.192128352717656e-008	18.350006103515625
6.199566553162498e-008	18.400005340576172
8.6454003433139802e-009	18.450004577636719
6.8584048105133366e-009	18.500003814697266
3.561937610902796e-008	18.550003051757813
3.711366298666242e-008	18.600002288818359
7.9224627715122885e-008	18.650001525878906
3.2433425805056942e-008	18.700000762939453
9.0754711091306173e-008	18.75
6.0306409185363154e-008	18.799999237060547
1.2021259193810976e-007	18.849998474121094
2.6875116831485566e-008	18.899997711181641
5.5149602993201896e-008	18.949996948242188
1.9794558248870493e-008	18.999996185302734
2.6622224576194533e-008	19.049995422363281
3.0028039975057774e-008	19.099994659423828
3.2383483311196133e-009	19.149993896484375
4.5497388162851314e-008	19.199993133544922
9.6725589925368467e-008	19.249992370605469
1.2578597918509651e-007	19.299991607666016
2.1176840943460991e-008	19.349990844726563
1.1763651147271351e-007	19.399990081787109
8.0541997206396965e-008	19.449989318847656
2.1510362179059977e-008	19.499988555908203
1.3196761667601288e-007	19.54998779296875
1.0919275383298198e-007	19.599987030029297
3.3586332810602875e-008	19.649986267089844
1.6172534906478691e-008	19.699985504150391
2.3119151061871672e-008	19.749984741210937
3.5226406108520641e-008	19.799983978271484
1.0602803350924628e-008	19.849983215332031
8.3427006127890889e-008	19.899982452392578
6.8960843515747655e-009	19.949981689453125
4.0288576603434856e-008	19.999980926513672
3.4879176614738775e-008	20.049980163574219
2.576822404569511e-008	20.099979400634766
3.5756045115178803e-008	20.149978637695313
9.0812338291457226e-009	20.199977874755859
8.076000561839813e-008	20.249977111816406
6.9430436239210072e-008	20.299976348876953
5.4424136246060055e-008	20.3499755859375
3.5750014831534048e-008	20.399974822998047
4.3933913037187807e-008	20.449974060058594
1.2735371607225672e-007	20.499973297119141
1.8744237419040257e-008	20.549972534179688
9.4689317967026103e-008	20.599971771240234
5.767097383206861e-008	20.649971008300781
1.7037309239042473e-008	20.699970245361328
5.1416703703370691e-008	20.749969482421875
8.2072849528382969e-008	20.799968719482422
3.0125521273177771e-008	20.849967956542969
4.1355951128259037e-008	20.899967193603516
4.8515599339796826e-008	20.949966430664062
5.2006889820401389e-008	20.999965667724609
2.1611074263170256e-008	21.049964904785156
3.5595970920706007e-008	21.099964141845703
1.57300870062417e-008	21.14996337890625
4.0159671648537507e-008	21.199962615966797
3.0774709235084379e-008	21.249961853027344
3.5490122782836348e-008	21.299961090087891
1.1444873470608027e-007	21.349960327148437
2.1629774628226506e-008	21.399959564208984
2.6952255542628646e-008	21.449958801269531
4.6311550102268674e-008	21.499958038330078
8.5841759910906267e-008	21.549957275390625
3.1767790674613875e-008	21.599956512451172
8.2134862907920818e-009	21.649955749511719
4.2053888389586453e-009	21.699954986572266
1.3786964470506271e-008	21.749954223632812
4.5732337129835904e-008	21.799953460693359
1.5565329548155803e-008	21.849952697753906
4.4272673192721344e-008	21.899951934814453
1.0964460132664615e-008	21.949951171875
8.3561092052539871e-009	21.999950408935547
6.3355547048797554e-008	22.049949645996094
4.2109149888227794e-008	22.099948883056641
3.4801817280627979e-008	22.149948120117188
8.8601274862617826e-008	22.199947357177734
2.7179093201226138e-008	22.249946594238281
2.467713652793091e-008	22.299945831298828
6.0681935208957499e-008	22.349945068359375
4.1845993648979592e-009	22.399944305419922
8.6445337358722168e-009	22.449943542480469
2.6446268530854271e-009	22.499942779541016
7.6431259816552749e-008	22.549942016601562
1.1013587295854256e-007	22.599941253662109
2.2153637669064424e-008	22.649940490722656
1.008113418560355e-007	22.699939727783203
5.7890579192710074e-008	22.74993896484375
7.5605253172226401e-008	22.799938201904297
4.8195415182361263e-008	22.849937438964844
5.1698314400094583e-009	22.899936676025391
6.7412491232677351e-009	22.949935913085937
4.1770500990792223e-008	22.999935150146484
4.5240555228829433e-008	23.049934387207031
3.762382547937251e-009	23.099933624267578
6.6898610697809741e-009	23.149932861328125
4.3112194702438849e-008	23.199932098388672
1.8722662107479534e-008	23.249931335449219
5.4524132184927808e-008	23.299930572509766
1.625446078253498e-008	23.349929809570312
1.1373555947900418e-007	23.399929046630859
6.1590939813539044e-008	23.449928283691406
1.1585909207904343e-007	23.499927520751953
2.0761838948542996e-008	23.5499267578125
3.199176272624502e-008	23.599925994873047
1.4025020846191629e-009	23.649925231933594
3.310821009194521e-008	23.699924468994141
4.121526638227356e-008	23.749923706054688
7.0919861448112273e-008	23.799922943115234
7.3188646224516771e-008	23.849922180175781
3.0993141526489237e-008	23.899921417236328
6.5561434422246109e-008	23.949920654296875
2.670146435405482e-008	23.999919891357422
9.3461098895905256e-008	24.049919128417969
5.7904488043293571e-008	24.099918365478516
5.0845067917758234e-008	24.149917602539063
2.0734290513161691e-008	24.199916839599609
9.3853033466490334e-008	24.249916076660156
6.4913061250687279e-008	24.299915313720703
3.7640500790735239e-008	24.34991455078125
1.6797984157390227e-008	24.399913787841797
3.3857211060504716e-008	24.449913024902344
1.725536778124853e-008	24.499912261962891
7.8123869410171403e-009	24.549911499023438
5.7165672645859688e-009	24.599910736083984
5.2472072366457419e-009	24.649909973144531
2.2318932107725145e-008	24.699909210205078
2.6072398228697269e-008	24.749908447265625
4.7339585933417803e-008	24.799907684326172
3.2673894934577056e-008	24.849906921386719
3.7354087139656605e-008	24.899906158447266
8.0282138653394547e-008	24.949905395507813
9.6161089324416876e-008	24.999904632568359
8.5041437561780849e-008	25.049903869628906
4.6973353276051429e-008	25.099903106689453
5.5938268987703256e-008	25.14990234375
3.7963119038598678e-008	25.199901580810547
6.6938274614360251e-008	25.249900817871094
6.8981916693152553e-008	25.299900054931641
1.5654107155844404e-008	25.349899291992188
1.1141113718458371e-007	25.399898529052734
7.8089406543739972e-008	25.449897766113281
9.1593605807129175e-008	25.499897003173828
4.9846806166108522e-008	25.549896240234375
5.4879395479010428e-008	25.599895477294922
4.7377249935182963e-009	25.649894714355469
1.3290990975634831e-009	25.699893951416016
4.4569457934839424e-008	25.749893188476563
3.268890763240341e-008	25.799892425537109
3.9093574058237481e-008	25.849891662597656
9.2052318156821068e-008	25.899890899658203
8.9977118138533076e-008	25.94989013671875
3.2965695526064732e-008	25.999889373779297
6.738362459680781e-008	26.049888610839844
7.5121739026854527e-008	26.099887847900391
7.2839099856559603e-008	26.149887084960938
1.1695666956200339e-007	26.199886322021484
5.0966787863695519e-009	26.249885559082031
8.5551594751489914e-008	26.299884796142578
1.0168159664405717e-008	26.349884033203125
5.3997845082476093e-008	26.399883270263672
1.5006048854122627e-008	26.449882507324219
6.6943837755947403e-008	26.499881744384766
6.4233876036671701e-008	26.549880981445313
7.9638845655032822e-008	26.599880218505859
8.507226989226385e-008	26.649879455566406
3.6005155728077047e-008	26.699878692626953
4.9595516819692055e-008	26.7498779296875
8.7380067697375682e-009	26.799877166748047
5.8448994783400141e-008	26.849876403808594
2.5757104283484673e-008	26.899875640869141
8.3522131097892058e-008	26.949874877929688
5.8968218465696291e-008	26.999874114990234
2.4532924952756577e-008	27.049873352050781
8.0404133393611581e-008	27.099872589111328
5.4097016427756863e-008	27.149871826171875
1.7926858225708893e-008	27.199871063232422
2.8089978560395669e-008	27.249870300292969
1.6011406570408356e-008	27.299869537353516
5.0187998111914445e-008	27.349868774414063
7.4456356520331833e-008	27.399868011474609
1.6854517506371482e-008	27.449867248535156
2.1395231255100597e-008	27.499866485595703
1.6076700988715641e-008	27.54986572265625
9.151045504705427e-010	27.599864959716797
4.7747553706319988e-008	27.649864196777344
8.4690877447890023e-008	27.699863433837891
1.1176131631088031e-007	27.749862670898438
2.9571934375657462e-008	27.799861907958984
9.3146746217238439e-009	27.849861145019531
2.0737637386746423e-008	27.899860382080078
1.1019048265709419e-008	27.949859619140625
1.0448518307158774e-007	27.999858856201172
8.8914014565872943e-008	28.049858093261719
6.3563683077589807e-008	28.099857330322266
7.2290052564557621e-008	28.149856567382812
7.1221739683211832e-008	28.199855804443359
3.2808549313400071e-008	28.249855041503906
5.5982764060702269e-008	28.299854278564453
4.1825925720417912e-008	28.349853515625
8.9165871157757439e-008	28.399852752685547
2.7979531823878652e-008	28.449851989746094
7.8143482156049724e-010	28.499851226806641
3.4997006477464155e-008	28.549850463867188
3.1967923479760021e-008	28.599849700927734
8.2475516475825984e-009	28.649848937988281
8.3891762214741333e-008	28.699848175048828
4.0375965447764634e-008	28.749847412109375
5.8131179209260946e-008	28.799846649169922
3.8755481712361442e-008	28.849845886230469
5.3183244355882903e-008	28.899845123291016
3.0521749696562834e-008	28.949844360351562
4.1632334556049203e-008	28.999843597412109
1.5695059096826905e-008	29.049842834472656
2.3498626380971869e-008	29.099842071533203
5.7045244406982475e-009	29.14984130859375
1.1979247064485135e-009	29.199840545654297
3.6967099067930584e-008	29.249839782714844
1.0883003726799295e-008	29.299839019775391
4.5708457605829196e-008	29.349838256835938
1.6353043029494337e-008	29.399837493896484
2.0622343703785542e-008	29.449836730957031
5.846572387536965e-008	29.499835968017578
3.2221861299193955e-008	29.549835205078125
3.9549045006477496e-008	29.599834442138672
1.7116607450092944e-008	29.649833679199219
5.7250740294790432e-008	29.699832916259766
6.7622267249646931e-008	29.749832153320312
1.409313321709964e-008	29.799831390380859
6.4280635495525899e-008	29.849830627441406
5.0591254771323648e-008	29.899829864501953
7.0344195732670639e-008	29.9498291015625
2.63130096107385e-008	29.999828338623047
1.5721041592707016e-008	30.049827575683594
1.1466993640274437e-008	30.099826812744141
1.354157566422086e-008	30.149826049804688
4.8961420762279604e-008	30.199825286865234
2.0737315375455169e-008	30.249824523925781
1.1441521441333721e-009	30.299823760986328
8.015469649266029e-008	30.349822998046875
9.7857716083715539e-008	30.399822235107422
2.5096225588948011e-008	30.449821472167969
1.4344504283658516e-008	30.499820709228516
4.9213577113241139e-008	30.549819946289062
2.2393260870640762e-008	30.599819183349609
1.892649592121677e-009	30.649818420410156
8.4225304359400559e-008	30.699817657470703
6.6977405670758863e-009	30.74981689453125
1.0152023098665291e-007	30.799816131591797
3.662230318146586e-008	30.849815368652344
2.1935106171931345e-008	30.899814605712891
9.1595328271415501e-008	30.949813842773438
4.5613768453228556e-008	30.999813079833984
5.9457395149322417e-009	31.049812316894531
4.1946423188122533e-008	31.099811553955078
8.4177937677670917e-008	31.149810791015625
3.6562248301996468e-008	31.199810028076172
9.1274265251264445e-008	31.249809265136719
3.9769033370851834e-008	31.299808502197266
7.0060597106209769e-010	31.349807739257812
4.7382728058240716e-008	31.399806976318359
7.3560797567679666e-008	31.449806213378906
1.0595896920654109e-007	31.499805450439453
4.8809818449182366e-008	31.5498046875
6.6995374283340401e-008	31.599803924560547
4.271283809134444e-009	31.649803161621094
9.5368101290060192e-008	31.699802398681641
9.9787265871597846e-009	31.749801635742188
1.8797750246570354e-010	31.799800872802734
6.4765367736950235e-008	31.849800109863281
4.0427476344857316e-008	31.899799346923828
9.1154480333838718e-008	31.949798583984375
4.2683672001892465e-008	31.999797821044922
6.266085456902078e-008	32.049797058105469
7.8839055875539851e-008	32.099796295166016
7.467160364148031e-008	32.149795532226562
5.0185851042688342e-008	32.199794769287109
5.40901805792014e-009	32.249794006347656
3.5479713909341771e-008	32.299793243408203
2.3349198432100418e-008	32.34979248046875
6.1162730362560955e-008	32.399791717529297
3.8179171349903936e-008	32.449790954589844
5.7285753807352496e-009	32.499790191650391
2.9338529902430713e-008	32.549789428710937
3.2677607665110493e-008	32.599788665771484
1.1059005007256028e-007	32.649787902832031
7.3425995251251936e-008	32.699787139892578
1.607112934335091e-008	32.749786376953125
6.8583715312481632e-009	32.799785614013672
7.2099520929469499e-008	32.849784851074219
2.2476459710745485e-008	32.899784088134766
4.7277685364962393e-008	32.949783325195312
2.5537414727704271e-008	32.999782562255859
1.6354721947668045e-008	33.049781799316406
8.4202735512607275e-008	33.099781036376953
7.0114302798900219e-008	33.1497802734375
3.5893412254445337e-008	33.199779510498047
4.9606868747938285e-008	33.249778747558594
5.1103046743876827e-008	33.299777984619141
9.6189213884071445e-009	33.349777221679688
1.4530507040901922e-008	33.399776458740234
5.4624060559376349e-008	33.449775695800781
7.739900474999887e-008	33.499774932861328
1.4013402699072056e-008	33.549774169921875
3.6457569345506797e-008	33.599773406982422
4.0623915478496168e-008	33.649772644042969
1.4556309395920336e-009	33.699771881103516
3.0374364210700612e-008	33.749771118164063
1.597410999813978e-008	33.799770355224609
4.459812513131619e-008	33.849769592285156
3.6328514397694474e-008	33.899768829345703
7.1042012878552167e-008	33.94976806640625
8.010129518031975e-009	33.999767303466797
2.8168042439659507e-008	34.049766540527344
4.4324158340561195e-008	34.099765777587891
8.1924426341684696e-008	34.149765014648438
5.9457394653678813e-009	34.199764251708984
4.5003471321996733e-008	34.249763488769531
2.9425084243499381e-008	34.299762725830078
1.1086467479024999e-008	34.349761962890625
5.5909945985036867e-009	34.399761199951172
4.7525101099542775e-008	34.449760437011719
4.3488852030713169e-008	34.499759674072266
6.4612975397860992e-009	34.549758911132813
9.0037348141211284e-009	34.599758148193359
9.8254711816497012e-009	34.649757385253906
1.7221783584050245e-008	34.699756622314453
3.0620929530444703e-009	34.749755859375
4.4673097103241504e-008	34.799755096435547
4.0445017238041409e-008	34.849754333496094
9.5665755086490775e-009	34.899753570556641
5.4781172619416263e-008	34.949752807617188
7.332706394398894e-008	34.999752044677734
4.6126358905844735e-008	35.049751281738281
4.023957036006608e-008	35.099750518798828
5.5641082021008258e-008	35.149749755859375
2.5353422228400079e-008	35.199748992919922
5.0568772454181185e-008	35.249748229980469
5.4467513602353321e-008	35.299747467041016
4.692583409269595e-008	35.349746704101563
3.4809348629025979e-008	35.399745941162109
2.9280460475788238e-009	35.449745178222656
5.9089222039606816e-008	35.499744415283203
2.2902193001860112e-008	35.54974365234375
8.9002820824977144e-009	35.599742889404297
6.187721305350237e-008	35.649742126464844
2.3133056466267405e-008	35.699741363525391
7.2180618867270199e-008	35.749740600585937
2.9581995886774821e-008	35.799739837646484
1.0052361938826756e-007	35.849739074707031
3.3679591139404332e-008	35.899738311767578
5.4595331075054388e-008	35.949737548828125
3.0104413495792583e-008	35.999736785888672
2.6765955546922254e-008	36.049736022949219
1.8874293829915899e-008	36.099735260009766
5.777707838182798e-008	36.149734497070313
2.5668215869491186e-008	36.199733734130859
1.4684973761885369e-008	36.249732971191406
9.118136474766256e-008	36.299732208251953
3.0366193771488845e-008	36.3497314453125
9.3257569300044784e-009	36.399730682373047
3.8383494354109488e-008	36.449729919433594
4.0839969831575357e-008	36.499729156494141
3.8754478683615646e-008	36.549728393554687
5.7715175457847385e-008	36.599727630615234
3.1496599275780609e-008	36.649726867675781
6.6939412628699472e-008	36.699726104736328
5.7224692494287319e-008	36.749725341796875
4.2985798594759828e-008	36.799724578857422
4.9762519782700764e-008	36.849723815917969
7.7531141812351292e-008	36.899723052978516
3.4700519241710059e-008	36.949722290039063
7.8910523815951961e-008	36.999721527099609
5.256186087698028e-008	37.049720764160156
4.7198468781861306e-008	37.099720001220703
3.7319431365979478e-008	37.14971923828125
1.1432657067203569e-007	37.199718475341797
5.4951502867716011e-008	37.249717712402344
8.8941324741394846e-009	37.299716949462891
1.4089747537727577e-008	37.349716186523438
5.797558477783227e-008	37.399715423583984
9.7319427281951275e-008	37.449714660644531
6.634362185317034e-008	37.499713897705078
5.6286480165927335e-008	37.549713134765625
1.0746652119282257e-007	37.599712371826172
2.2685365651435912e-008	37.649711608886719
9.0211827961875416e-008	37.699710845947266
8.752692174089124e-008	37.749710083007813
1.470749978793968e-008	37.799709320068359
9.4020295410706069e-008	37.849708557128906
1.2261898281204719e-008	37.899707794189453
4.2292875286078228e-008	37.94970703125
4.2491583658825267e-008	37.999706268310547
6.3510060037123929e-008	38.049705505371094
8.0025075775852703e-008	38.099704742431641
9.2041525715292453e-008	38.149703979492188
3.4115526325653192e-008	38.199703216552734
2.8252325019067421e-008	38.249702453613281
4.3911443257146339e-009	38.299701690673828
1.4972684988105546e-008	38.349700927734375
2.9844014061106648e-008	38.399700164794922
4.0227675784459719e-008	38.449699401855469
4.6128483170071206e-008	38.499698638916016
7.2770581165238458e-008	38.549697875976563
6.971109392510518e-008	38.599697113037109
3.0559333484403928e-009	38.649696350097656
7.5383881160358518e-008	38.699695587158203
6.2687791849781359e-009	38.74969482421875
6.3184874889125349e-008	38.799694061279297
2.7334737506220458e-008	38.849693298339844
3.3151801887001677e-008	38.899692535400391
2.4033330112750051e-008	38.949691772460937
1.4677912048508155e-008	38.999691009521484
3.2366187677417899e-008	39.049690246582031
7.4920843884927837e-008	39.099689483642578
2.2867291037932361e-008	39.149688720703125
5.6488665820046596e-008	39.199687957763672
6.0539058028522586e-008	39.249687194824219
4.8063968765717711e-009	39.299686431884766
9.6352635067465988e-009	39.349685668945313
1.8908118934129389e-008	39.399684906005859
3.2620369584682272e-008	39.449684143066406
1.4085555657447978e-008	39.499683380126953
5.6316603565274786e-008	39.5496826171875
4.2339017539214583e-009	39.599681854248047
3.756000068935482e-008	39.649681091308594
4.1407145848294111e-008	39.699680328369141
4.0815033809725539e-008	39.749679565429687
1.0787321068540219e-008	39.799678802490234
6.6036582737652608e-008	39.849678039550781
2.7156545628638459e-008	39.899677276611328
4.8526107825151193e-008	39.949676513671875
6.5452087506757717e-008	39.999675750732422
1.1629413855732921e-008	40.049674987792969
6.1041408139306302e-008	40.099674224853516
1.4788999887056653e-008	40.149673461914063
5.3622453823186883e-008	40.199672698974609
1.4395401313865755e-009	40.249671936035156
6.8117721731016494e-008	40.299671173095703
2.0657567063099504e-008	40.34967041015625
4.0025147457266084e-008	40.399669647216797
1.7967730013604175e-008	40.449668884277344
8.9619359547926825e-009	40.499668121337891
6.5860463060622397e-009	40.549667358398437
6.4172481244430056e-008	40.599666595458984
2.8101874559791616e-008	40.649665832519531
5.1976161672526488e-008	40.699665069580078
1.7722095237633739e-008	40.749664306640625
3.6793798365195476e-008	40.799663543701172
2.2604167889243076e-008	40.849662780761719
4.3448470442852341e-008	40.899662017822266
5.9877964327722199e-008	40.949661254882813
4.7096115687152455e-008	40.999660491943359
5.1316956513756326e-009	41.049659729003906
2.2958027302361763e-008	41.099658966064453
3.6377369716207978e-008	41.149658203125
8.4743681995665725e-008	41.199657440185547
3.9828462350997595e-008	41.249656677246094
5.4627789357831074e-008	41.299655914306641
2.3771835994192047e-008	41.349655151367188
2.1560637283247156e-008	41.399654388427734
2.6265193526808028e-008	41.449653625488281
4.9541032545153459e-008	41.499652862548828
3.2229566972458991e-008	41.549652099609375
1.4157481617203749e-008	41.599651336669922
9.6442370436275611e-010	41.649650573730469
4.7062839480311595e-008	41.699649810791016
9.0680976170637178e-008	41.749649047851563
1.6679504780717747e-008	41.799648284912109
2.1992645298756204e-009	41.849647521972656
4.71830912824954e-008	41.899646759033203
6.3116654702085173e-008	41.94964599609375
5.0027780150639124e-008	41.999645233154297
7.9441908847908794e-009	42.049644470214844
8.9014080709774399e-008	42.099643707275391
1.1024426883660646e-008	42.149642944335937
1.2049141412362599e-008	42.199642181396484
3.0743751262860354e-008	42.249641418457031
4.1247808690840156e-009	42.299640655517578
2.0313944253298967e-008	42.349639892578125
1.5798366235695862e-008	42.399639129638672
7.0533585934679223e-008	42.449638366699219
8.1636347808745078e-009	42.499637603759766
6.8610502049841243e-008	42.549636840820313
3.6569909875142566e-008	42.599636077880859
3.9182937917179879e-008	42.649635314941406
7.6417105632259127e-008	42.699634552001953
2.1264991966891421e-008	42.7496337890625
7.4842746654785681e-010	42.799633026123047
3.9344696392432106e-008	42.849632263183594
4.906836328261192e-008	42.899631500244141
5.4518685669479415e-009	42.949630737304687
2.0907543657985385e-008	42.999629974365234
9.5380602839585686e-008	43.049629211425781
5.3173005042171799e-008	43.099628448486328
4.5517782340835603e-008	43.149627685546875
7.2383013693491471e-008	43.199626922607422
7.1537795156680092e-009	43.249626159667969
2.3540879857879217e-008	43.299625396728516
6.7954220540379033e-008	43.349624633789063
4.297320832219889e-008	43.399623870849609
1.0743742619618584e-008	43.449623107910156
5.7631175584909385e-008	43.499622344970703
9.650741362693147e-009	43.54962158203125
8.3684355089684035e-008	43.599620819091797
4.1429956218069632e-008	43.649620056152344
3.3611775304857231e-008	43.699619293212891
2.9005169097570202e-009	43.749618530273438
8.2446421655629681e-008	43.799617767333984
5.1639328112517807e-008	43.849617004394531
5.5219858301483089e-008	43.899616241455078
3.0133994726736344e-008	43.949615478515625
3.9411590068494417e-008	43.999614715576172
8.302168705673828e-008	44.049613952636719
9.796720316023026e-008	44.099613189697266
2.9897181832053022e-009	44.149612426757813
8.0587115501697574e-008	44.199611663818359
4.8289745351720597e-008	44.249610900878906
1.2592638372136158e-008	44.299610137939453
2.3710189774253047e-008	44.349609375
3.1404166639418853e-008	44.399608612060547
1.0514788010316188e-008	44.449607849121094
2.3883902407831011e-008	44.499607086181641
1.5575235736622829e-008	44.549606323242188
6.6245424716532882e-008	44.599605560302734
9.5228640813862134e-008	44.649604797363281
8.6788729595234904e-009	44.699604034423828
4.3329415580637353e-008	44.749603271484375
2.5217001068632384e-008	44.799602508544922
2.1396258636738262e-008	44.849601745605469
3.3816651449218989e-008	44.899600982666016
1.207422031906114e-008	44.949600219726563
4.3025391398752101e-008	44.999599456787109
4.6978278478280729e-008	45.049598693847656
8.4279318765319744e-008	45.099597930908203
6.3464442133925698e-009	45.14959716796875
4.9290168747253036e-008	45.199596405029297
3.9604655467147017e-008	45.249595642089844
2.2664330086770111e-008	45.299594879150391
3.5829073727879714e-008	45.349594116210938
4.1729978585636624e-008	45.399593353271484
4.9160544562067017e-009	45.449592590332031
6.6359415642474468e-009	45.499591827392578
2.8100810876187689e-008	45.549591064453125
8.3580543459527043e-008	45.599590301513672
2.4148304306818643e-008	45.649589538574219
1.2421762127789065e-009	45.699588775634766
6.9741120517031426e-008	45.749588012695313
2.5902252434214854e-008	45.799587249755859
7.8392658409586629e-008	45.849586486816406
1.6136979911155172e-008	45.899585723876953
5.0166170029960748e-008	45.9495849609375
5.5853089904488597e-008	45.999584197998047
7.1428038525328777e-008	46.049583435058594
5.8687293949563406e-008	46.099582672119141
5.5839419968177696e-008	46.149581909179688
2.4702287423000052e-008	46.199581146240234
3.4628013399470202e-009	46.249580383300781
1.6127319531066423e-008	46.299579620361328
2.3490263830034321e-008	46.349578857421875
2.9212607014849254e-008	46.399578094482422
6.1046302338776571e-008	46.449577331542969
3.6926462372811279e-008	46.499576568603516
2.2683567285907293e-008	46.549575805664063
1.9778757971066443e-008	46.599575042724609
3.3653361129723635e-008	46.649574279785156
3.4883026263755601e-008	46.699573516845703
1.6046128656116063e-008	46.74957275390625
2.8843750487846604e-008	46.799571990966797
2.1579529986445204e-008	46.849571228027344
4.8097968423422785e-008	46.899570465087891
2.2501436416178013e-008	46.949569702148438
3.0679007918843757e-008	46.999568939208984
4.8688136240563276e-008	47.049568176269531
1.0042865307423506e-007	47.099567413330078
1.4323029593041252e-008	47.149566650390625
4.7738789853774354e-008	47.199565887451172
5.2337375292003861e-009	47.249565124511719
3.5437483228837913e-009	47.299564361572266
2.1378582944802157e-008	47.349563598632812
5.6104453791284812e-008	47.399562835693359
3.8854058155060264e-008	47.449562072753906
5.5280494071843675e-008	47.499561309814453
4.080076565101013e-009	47.549560546875
5.5804666533784257e-008	47.599559783935547
3.9919999557527514e-008	47.649559020996094
4.0130351363382368e-009	47.699558258056641
2.3547336526784954e-008	47.749557495117188
2.3050978217941993e-008	47.799556732177734
3.2348087861189215e-008	47.849555969238281
5.1430733655096681e-008	47.899555206298828
1.8686525104457259e-008	47.949554443359375
1.9536296985152455e-008	47.999553680419922
3.0168261506070161e-008	48.049552917480469
7.4352816729395184e-008	48.099552154541016
4.2980873827056524e-008	48.149551391601563
4.5166066701891288e-008	48.199550628662109
4.3831029481594156e-009	48.249549865722656
1.7352701072018679e-008	48.299549102783203
1.1117812339555111e-008	48.34954833984375
1.465059403080813e-008	48.399547576904297
2.7943244140684737e-008	48.449546813964844
1.0435494046254225e-008	48.499546051025391
4.6091133705446558e-008	48.549545288085938
5.0950868092796491e-008	48.599544525146484
1.9523900840803306e-008	48.649543762207031
4.8482655929159244e-009	48.699542999267578
6.2649954978042607e-008	48.749542236328125
1.6177177192901758e-008	48.799541473388672
6.1081805904258279e-008	48.849540710449219
2.5451136272534979e-008	48.899539947509766
6.0852863492901907e-008	48.949539184570313
4.4707853428861756e-008	48.999538421630859
3.8302200826122541e-008	49.049537658691406
6.5280872100789032e-008	49.099536895751953
1.71112770655567e-008	49.1495361328125
6.3527919656994589e-008	49.199535369873047
5.8459491980655467e-008	49.249534606933594
6.3111909615230368e-008	49.299533843994141
7.7477586482678847e-008	49.349533081054688
4.0415070212025665e-008	49.399532318115234
1.3082418004243108e-008	49.449531555175781
4.5279577784379813e-009	49.499530792236328
1.1173711367946135e-008	49.549530029296875
1.2979116898471447e-008	49.599529266357422
4.8069329803205266e-008	49.649528503417969
3.1800415957754431e-008	49.699527740478516
1.6624711788864911e-009	49.749526977539063
4.8000719063076688e-009	49.799526214599609
1.7626671398761384e-008	49.849525451660156
4.0134819159448943e-008	49.899524688720703
1.135626386416988e-008	49.94952392578125
5.3220838614425496e-008	49.999523162841797
4.3815057204010202e-008	50.049522399902344
4.4092311323421351e-008	50.099521636962891
5.4045192865616248e-008	50.149520874023438
1.2783210714276446e-008	50.199520111083984
4.2080684698880112e-008	50.249519348144531
2.017948916536496e-008	50.299518585205078
7.9553396020720277e-009	50.349517822265625
5.4008693606417675e-009	50.399517059326172
1.2508733523725658e-008	50.449516296386719
2.927160854568471e-008	50.499515533447266
5.5682192050843447e-008	50.549514770507812
9.1733203730376566e-008	50.599514007568359
7.6672716297033057e-008	50.649513244628906
1.2920143802830596e-008	50.699512481689453
5.2060318424824226e-008	50.74951171875
6.5953288025319291e-008	50.799510955810547
5.3553978948557821e-009	50.849510192871094
3.853153996899857e-008	50.899509429931641
2.7555789303436287e-009	50.949508666992188
2.6250594428728606e-008	50.999507904052734
8.8292700122582706e-008	51.049507141113281
7.5912881921987122e-008	51.099506378173828
7.3166445613915194e-008	51.149505615234375
1.9468227191496185e-008	51.199504852294922
4.7976050833709815e-008	51.249504089355469
2.1829566412867163e-008	51.299503326416016
1.3921640848914992e-008	51.349502563476563
2.4625343190403796e-008	51.399501800537109
9.083783361745884e-008	51.449501037597656
7.1512012886506803e-008	51.499500274658203
6.1803912614756344e-008	51.54949951171875
6.170642582521988e-008	51.599498748779297
1.2580148888976477e-008	51.649497985839844
6.6971671782561997e-008	51.699497222900391
1.1917763553772279e-008	51.749496459960938
3.3512784546204022e-008	51.799495697021484
8.9426300560540735e-009	51.849494934082031
2.5207245373540981e-008	51.899494171142578
6.8929853684249671e-008	51.949493408203125
2.1771447790848941e-008	51.999492645263672
4.1110763062291038e-008	52.049491882324219
9.0247025931307417e-008	52.099491119384766
8.8643201917819871e-008	52.149490356445312
1.3049714527621324e-008	52.199489593505859
7.3353918395002813e-009	52.249488830566406
9.4724732787796813e-008	52.299488067626953
2.462744216328783e-008	52.3494873046875
4.7619955483803304e-008	52.399486541748047
3.2997862106814431e-009	52.449485778808594
3.8816165972106465e-008	52.499485015869141
6.7226257694282892e-008	52.549484252929687
2.1774793514112562e-008	52.599483489990234
6.9289369229055319e-008	52.649482727050781
4.2968648378165906e-008	52.699481964111328
8.6335349281285395e-008	52.749481201171875
4.2039557084721533e-009	52.799480438232422
2.5058483009190529e-008	52.849479675292969
2.3721893334012432e-008	52.899478912353516
2.1957297760912134e-008	52.949478149414063
6.5373183165950858e-009	52.999477386474609
6.6345622866758125e-010	53.049476623535156
4.3289088602314517e-009	53.099475860595703
7.7534967530907094e-008	53.14947509765625
7.7069224134347703e-008	53.199474334716797
8.6133478633022828e-008	53.249473571777344
2.1591091160088953e-008	53.299472808837891
2.6555821836838226e-008	53.349472045898438
4.1041239809853028e-008	53.399471282958984
1.8030545154653712e-008	53.449470520019531
7.6469126315162108e-009	53.499469757080078
1.224815220015933e-008	53.549468994140625
1.0152897343481868e-007	53.599468231201172
5.7419591955573734e-008	53.649467468261719
2.8038663983217847e-010	53.699466705322266
1.1393017929307046e-008	53.749465942382813
3.2566162998683854e-008	53.799465179443359
6.3232415942158761e-008	53.849464416503906
8.02858435506624e-008	53.899463653564453
2.3952684840203408e-008	53.949462890625
6.0000032068102195e-008	53.999462127685547
8.2441577691697327e-008	54.049461364746094
3.1545116476387826e-008	54.099460601806641
4.988983843272222e-008	54.149459838867188
7.7713640278826896e-008	54.199459075927734
3.2247822425145511e-008	54.249458312988281
5.5972666812752128e-008	54.299457550048828
6.4435789064830639e-009	54.349456787109375
2.6075126580966198e-008	54.399456024169922
2.7511675895381096e-008	54.449455261230469
1.1967794743606996e-008	54.499454498291016
1.3041234832389813e-008	54.549453735351563
2.448411745553427e-008	54.599452972412109
1.0498036222259111e-007	54.649452209472656
6.8397647215802023e-009	54.699451446533203
4.6536083727820707e-008	54.74945068359375
7.2802977652263944e-008	54.799449920654297
5.65524353147586e-008	54.849449157714844
2.5169739969332566e-008	54.899448394775391
3.3812466271446056e-008	54.949447631835938
8.8416992915925844e-008	54.999446868896484
4.8976856415582531e-008	55.049446105957031
2.451885844591223e-008	55.099445343017578
5.7417376755171646e-008	55.149444580078125
7.1415434000977139e-008	55.199443817138672
4.4861566574673807e-008	55.249443054199219
1.1012650735837234e-007	55.299442291259766
2.0103541309604507e-008	55.349441528320313
6.0443114655085723e-008	55.399440765380859
1.276991245506804e-008	55.449440002441406
3.797929915555478e-008	55.499439239501953
6.4948782318314437e-008	55.5494384765625
9.500222638398467e-008	55.599437713623047
5.2229999905123765e-008	55.649436950683594
1.8900027715207061e-008	55.699436187744141
3.1395827853129288e-008	55.749435424804687
5.3304983637144196e-008	55.799434661865234
2.4570798683768388e-009	55.849433898925781
7.955796001884789e-008	55.899433135986328
8.39096111897802e-008	55.949432373046875
1.5560511678750605e-008	55.999431610107422
7.5082738174844978e-008	56.049430847167969
6.1911981892477697e-008	56.099430084228516
5.8151369186106232e-008	56.149429321289063
1.0011190096255793e-007	56.199428558349609
4.8892416847799061e-008	56.249427795410156
4.81706220077259e-008	56.299427032470703
4.567131938084542e-008	56.34942626953125
1.1828305360772048e-008	56.399425506591797
6.7668991652571602e-008	56.449424743652344
4.360505937130011e-008	56.499423980712891
2.7270665497612708e-008	56.549423217773438
3.4695705126868089e-008	56.599422454833984
1.0601860575857302e-007	56.649421691894531
2.2978404747855837e-008	56.699420928955078
3.1192928156971772e-008	56.749420166015625
3.182091184545197e-009	56.799419403076172
1.0257605856234249e-007	56.849418640136719
1.1523300001271974e-008	56.899417877197266
4.7847341531804188e-008	56.949417114257813
4.7965322562922774e-008	56.999416351318359
2.1268146857058921e-008	57.049415588378906
7.6297042065010128e-008	57.099414825439453
2.2801799390976697e-008	57.1494140625
1.4849895652874284e-008	57.199413299560547
6.5400890504903425e-008	57.249412536621094
1.8472560579009774e-008	57.299411773681641
4.3835618951394778e-008	57.349411010742187
5.7901993421103461e-008	57.399410247802734
5.7645504258787057e-009	57.449409484863281
3.700133766975942e-008	57.499408721923828
4.7259036388814399e-008	57.549407958984375
2.2249058792662179e-008	57.599407196044922
3.5226136160222712e-008	57.649406433105469
2.051403010696704e-008	57.699405670166016
5.1221024620894619e-008	57.749404907226563
9.1252087713178554e-008	57.799404144287109
5.9149555861242326e-008	57.849403381347656
7.2444490091543192e-008	57.899402618408203
1.3647916473032505e-008	57.94940185546875
8.1640608500890383e-008	57.999401092529297
7.7549188658186299e-008	58.049400329589844
1.4195246154600171e-009	58.099399566650391
5.2005806977601707e-008	58.149398803710938
6.6565931986646135e-008	58.199398040771484
9.0439266801682173e-008	58.249397277832031
4.2323439501114359e-008	58.299396514892578
3.9525295112841792e-008	58.349395751953125
4.6041796644999195e-008	58.399394989013672
9.7833877763144185e-008	58.449394226074219
7.7685682192445882e-008	58.499393463134766
1.0280525724648643e-007	58.549392700195313
5.6025969852494875e-008	58.599391937255859
1.8569984802771808e-008	58.649391174316406
2.6360548495589318e-008	58.699390411376953
7.9369267526415561e-008	58.7493896484375
6.0527626467641693e-008	58.799388885498047
3.0119390139286129e-008	58.849388122558594
5.5567646335104655e-009	58.899387359619141
5.3263899401262852e-009	58.949386596679687
1.4386223326743483e-008	58.999385833740234
4.8311216827613629e-008	59.049385070800781
6.5827070556371792e-008	59.099384307861328
4.2818618750832972e-008	59.149383544921875
1.2809059735170157e-009	59.199382781982422
3.6081695802146657e-008	59.249382019042969
2.5749904539657762e-008	59.299381256103516
2.9686501742369556e-008	59.349380493164063
1.3450356550785003e-008	59.399379730224609
6.4937368957451324e-009	59.449378967285156
3.6270115900782455e-008	59.499378204345703
4.6929857913067664e-008	59.54937744140625
5.8504890681557343e-008	59.599376678466797
3.4287138673092408e-008	59.649375915527344
1.9342639679765477e-008	59.699375152587891
1.3024725516037003e-007	59.749374389648438
8.8782719865592096e-008	59.799373626708984
2.418238985715913e-008	59.849372863769531
2.4415986378735662e-008	59.899372100830078
8.2248402468336096e-008	59.949371337890625
6.8583469422721249e-008	59.999370574951172
9.9903833367828195e-008	60.049369812011719
2.0926231655090529e-008	60.099369049072266
1.6069181428058054e-008	60.149368286132813
3.3738238694122818e-008	60.199367523193359
1.2124181129316091e-008	60.249366760253906
2.4040483116719664e-010	60.299365997314453
6.801127703746944e-008	60.349365234375
5.1396603544973278e-008	60.399364471435547
7.0979901803109461e-008	60.449363708496094
4.1415347883383749e-008	60.499362945556641
2.1094113132274157e-008	60.549362182617187
4.5660868191421782e-008	60.599361419677734
3.4574650307534381e-008	60.649360656738281
3.2718731777775371e-008	60.699359893798828
7.571635393419646e-008	60.749359130859375
4.7453425724652695e-008	60.799358367919922
6.403665454026032e-008	60.849357604980469
9.3984181157965707e-009	60.899356842041016
1.1561648125805644e-007	60.949356079101563
3.4611353214098888e-008	60.999355316162109
1.5624231025627834e-009	61.049354553222656
7.0683486399185372e-009	61.099353790283203
6.0476917134159361e-008	61.14935302734375
4.2734483893526429e-008	61.199352264404297
4.6116568210255187e-008	61.249351501464844
1.0598369852070057e-007	61.299350738525391
1.0664676549143957e-007	61.349349975585938
3.6236172598858682e-008	61.399349212646484
1.0581441260984043e-008	61.449348449707031
2.9656030094588368e-008	61.499347686767578
5.7917795840255043e-008	61.549346923828125
5.065976059008338e-008	61.599346160888672
8.8097339998394635e-008	61.649345397949219
5.453082321183934e-008	61.699344635009766
4.9997933552517709e-008	61.749343872070313
5.8086931894798309e-009	61.799343109130859
7.077728418410728e-008	61.849342346191406
1.002535718330159e-007	61.899341583251953
5.8798523871914202e-008	61.9493408203125
6.1991141800526574e-008	61.999340057373047
5.7095848892887923e-009	62.049339294433594
8.6722438535639166e-008	62.099338531494141
7.215819939234679e-009	62.149337768554687
5.8926470042926331e-008	62.199337005615234
5.4206143660818317e-008	62.249336242675781
9.4066965582879049e-008	62.299335479736328
1.6872390544325596e-008	62.349334716796875
3.2468625689474029e-009	62.399333953857422
5.4926761107664994e-008	62.449333190917969
3.7619232495161044e-008	62.499332427978516
5.6798697675391995e-009	62.549331665039063
9.1232918355359938e-009	62.599330902099609
1.1183611739655378e-007	62.649330139160156
8.216814176737063e-008	62.699329376220703
1.8188363203662197e-008	62.74932861328125
4.1166592248443018e-008	62.799327850341797
1.0964701421374632e-007	62.849327087402344
2.7636187843693328e-008	62.899326324462891
2.5447272725242745e-008	62.949325561523438
3.2402225832220449e-008	62.999324798583984
8.3805090396015177e-008	63.049324035644531
6.4583208693249249e-008	63.099323272705078
1.0072878462417548e-008	63.149322509765625
7.9722631313047883e-008	63.199321746826172
9.1781220794628423e-010	63.249320983886719
3.7119355626000157e-008	63.299320220947266
2.8907401637473824e-008	63.349319458007813
2.3692696878150286e-008	63.399318695068359
5.7618131750984636e-009	63.449317932128906
3.2212156624733168e-008	63.499317169189453
1.0301847493796667e-007	63.54931640625
2.3734029819860202e-008	63.599315643310547
1.1171190353263333e-008	63.649314880371094
7.7840568602243109e-008	63.699314117431641
1.6839836607393262e-008	63.749313354492188
1.1492796507318571e-007	63.799312591552734
5.166330976949798e-008	63.849311828613281
2.0317041109377459e-008	63.899311065673828
2.1892412832976277e-008	63.949310302734375
1.1715138560161242e-008	63.999309539794922
1.0276476726144282e-009	64.049308776855469
5.3929942417615329e-008	64.099311828613281
3.8541861898642626e-008	64.149314880371094
6.7417077815697349e-008	64.199317932128906
6.1132115876979454e-008	64.249320983886719
1.5436110645395598e-008	64.299324035644531
6.6762208594782538e-008	64.349327087402344
7.8670469099166723e-008	64.399330139160156
2.0327997644315021e-008	64.449333190917969
4.1331872974798618e-008	64.499336242675781
7.1417640194405102e-008	64.549339294433594
6.6388669378888773e-008	64.599342346191406
1.0554494350622245e-007	64.649345397949219
4.7600879486478641e-009	64.699348449707031
8.3937907368348805e-009	64.749351501464844
1.3534748892273099e-008	64.799354553222656
8.791719834835021e-008	64.849357604980469
3.9995412838967097e-008	64.899360656738281
3.6225680647144971e-008	64.949363708496094
2.594309292332253e-009	64.999366760253906
8.1881389035111539e-008	65.049369812011719
1.7099784727258374e-008	65.099372863769531
1.106103468914817e-007	65.149375915527344
1.340348248442998e-007	65.199378967285156
8.306719398611815e-009	65.249382019042969
4.0805960357528625e-008	65.299385070800781
3.2800741395751779e-009	65.349388122558594
9.8293843694424476e-009	65.399391174316406
6.0429706491080862e-008	65.449394226074219
7.6024125490223478e-008	65.499397277832031
2.1650794854071924e-008	65.549400329589844
1.1326591535255566e-008	65.599403381347656
4.5027432436465207e-008	65.649406433105469
4.3754080307617579e-008	65.699409484863281
2.7429954191497073e-008	65.749412536621094
5.9304890151778218e-008	65.799415588378906
7.6122484931280664e-008	65.849418640136719
5.7997435940464304e-008	65.899421691894531
2.9981495734528295e-008	65.949424743652344
3.9850048851205833e-008	65.999427795410156
3.9821151833690883e-008	66.049430847167969
4.8809757409172282e-009	66.099433898925781
1.3895008528298688e-008	66.149436950683594
4.6891620597861912e-008	66.199440002441406
4.9980027425130727e-008	66.249443054199219
1.7594874728364333e-009	66.299446105957031
9.5704250195198632e-009	66.349449157714844
2.6523532624788277e-008	66.399452209472656
2.7737180924590487e-008	66.449455261230469
4.0771818642907176e-008	66.499458312988281
4.8210431351374818e-008	66.549461364746094
6.7463578841593162e-008	66.599464416503906
5.1867447750938903e-008	66.649467468261719
8.0131860425609863e-008	66.699470520019531
3.9950845051748801e-008	66.749473571777344
7.5998527383293601e-008	66.799476623535156
4.3622406588974251e-008	66.849479675292969
5.5081539425436689e-008	66.899482727050781
3.1731425988568561e-008	66.949485778808594
1.3080492086142921e-007	66.999488830566406
3.0712081068407005e-009	67.049491882324219
2.2453105684628112e-009	67.099494934082031
7.1005420249794325e-008	67.149497985839844
7.4681543999042529e-008	67.199501037597656
4.3588178025322331e-008	67.249504089355469
5.7018318993318737e-008	67.299507141113281
5.695802208205777e-010	67.349510192871094
1.3640354306098328e-008	67.399513244628906
5.1775677544886884e-008	67.449516296386719
4.7693552603901933e-008	67.499519348144531
8.8814060618746937e-009	67.549522399902344
1.3798357120837014e-008	67.599525451660156
5.0724959760908235e-008	67.649528503417969
4.1600976721707205e-008	67.699531555175781
1.3919225628659803e-008	67.749534606933594
8.7351728171043116e-008	67.799537658691406
4.0825186827999915e-008	67.849540710449219
3.7984471143335212e-008	67.899543762207031
3.4220955914526876e-008	67.949546813964844
5.026108149185202e-008	67.999549865722656
2.1725416273104781e-008	68.049552917480469
2.1740911926059304e-009	68.099555969238281
5.2029143052657323e-008	68.149559020996094
5.0339765628381716e-008	68.199562072753906
8.3379788716332569e-008	68.249565124511719
8.1767695518802122e-008	68.299568176269531
1.088684753236e-008	68.349571228027344
1.8252944070415421e-008	68.399574279785156
6.9202686757167516e-008	68.449577331542969
5.0901432793472717e-008	68.499580383300781
2.0042236065918704e-009	68.549583435058594
1.0144514025061005e-007	68.599586486816406
5.7506357463298591e-008	68.649589538574219
5.7131337143306767e-008	68.699592590332031
1.241732267127664e-008	68.749595642089844
3.8274759744473599e-009	68.799598693847656
4.8285598445675084e-008	68.849601745605469
3.1242640968149389e-008	68.899604797363281
9.2279935955490598e-008	68.949607849121094
6.120822581536755e-009	68.999610900878906
3.6512441217719888e-008	69.049613952636719
3.5642199590237978e-008	69.099617004394531
8.7092478279032985e-009	69.149620056152344
1.8511927025400116e-008	69.199623107910156
6.2164781835665875e-009	69.249626159667969
1.2522816510857707e-008	69.299629211425781
7.4707609567288293e-008	69.349632263183594
1.0103587329273831e-008	69.399635314941406
6.0996775855586463e-008	69.449638366699219
1.4851943836084348e-008	69.499641418457031
4.7252561135527815e-008	69.549644470214844
7.616126929964472e-008	69.599647521972656
5.2683020361577595e-008	69.649650573730469
7.2613054768387302e-008	69.699653625488281
5.8067141093706357e-008	69.749656677246094
8.6911824302391968e-008	69.799659729003906
3.1004345089713268e-008	69.849662780761719
6.7649091021984464e-009	69.899665832519531
8.7885192184226136e-008	69.949668884277344
2.2301159569631622e-008	69.999671936035156
3.4522752657988327e-008	70.049674987792969
2.2116999046396096e-008	70.099678039550781
7.6777196803341197e-008	70.149681091308594
2.9059650884165741e-008	70.199684143066406
5.3053222813299188e-008	70.249687194824219
9.8016624001150095e-008	70.299690246582031
2.4825510987286882e-008	70.349693298339844
7.2649680816659943e-008	70.399696350097656
8.3900960605614563e-009	70.449699401855469
6.5102413117690621e-008	70.499702453613281
9.7653902981951916e-009	70.549705505371094
7.5356984359589493e-008	70.599708557128906
5.4318271267862512e-009	70.649711608886719
8.5789305416933651e-009	70.699714660644531
3.1522974554033208e-008	70.749717712402344
3.7263264327274472e-008	70.799720764160156
2.5683580233148951e-008	70.849723815917969
6.6517223641075087e-008	70.899726867675781
1.2474446958291461e-008	70.949729919433594
3.5987292047325918e-008	70.999732971191406
9.1474462956738015e-009	71.049736022949219
1.0075702604444703e-007	71.099739074707031
6.4508706021508421e-008	71.149742126464844
6.0306073717996669e-009	71.199745178222656
7.840103116616757e-008	71.249748229980469
1.6760469382894305e-008	71.299751281738281
1.6974553034706306e-009	71.349754333496094
2.3005976074916772e-008	71.399757385253906
1.3426529496172538e-008	71.449760437011719
8.1260526959552516e-008	71.499763488769531
8.0545224177876247e-008	71.549766540527344
4.5572220832260484e-008	71.599769592285156
5.3730637986125988e-008	71.649772644042969
2.7639643789610089e-008	71.699775695800781
4.4663075526887748e-008	71.749778747558594
2.7445376595428086e-008	71.799781799316406
5.3325152241321432e-008	71.849784851074219
4.4972070370753299e-008	71.899787902832031
2.4028373750060032e-009	71.949790954589844
8.0202446113906816e-008	71.999794006347656
4.6497422202557743e-008	72.049797058105469
5.586021038404663e-008	72.099800109863281
3.102329799313345e-008	72.149803161621094
4.9237358225651226e-008	72.199806213378906
1.104814905899841e-007	72.249809265136719
5.1072500975993908e-008	72.299812316894531
1.9015559454817694e-008	72.349815368652344
2.2272220891479909e-008	72.399818420410156
2.0538501429816201e-008	72.449821472167969
2.4195914978806415e-008	72.499824523925781
3.4763390111124771e-008	72.549827575683594
1.1180421074441946e-008	72.599830627441406
3.0585551049130987e-008	72.649833679199219
9.2958069684093034e-008	72.699836730957031
4.4082646449865225e-008	72.749839782714844
3.8182737740838393e-008	72.799842834472656
7.5237684362792358e-008	72.849845886230469
3.3007956429716476e-008	72.899848937988281
1.2876996361852083e-008	72.949851989746094
2.4643971468295512e-008	72.999855041503906
2.3093169616445229e-009	73.049858093261719
5.4110652399014539e-008	73.099861145019531
9.3980428582452441e-009	73.149864196777344
7.2886507977057383e-008	73.199867248535156
6.8202463307718391e-008	73.249870300292969
1.0641128191152377e-007	73.299873352050781
3.3592745742972253e-008	73.349876403808594
3.675077303485745e-009	73.399879455566406
1.6637855483325318e-008	73.449882507324219
4.4526140919180579e-009	73.499885559082031
5.136473260776908e-008	73.549888610839844
3.908768948757593e-008	73.599891662597656
7.218465314453943e-009	73.649894714355469
1.0021940304235345e-007	73.699897766113281
6.2726298602543701e-008	73.749900817871094
8.7718791882665293e-009	73.799903869628906
7.3409208336440897e-008	73.849906921386719
1.0735776152087974e-008	73.899909973144531
2.4886264181943872e-008	73.949913024902344
2.895870006706496e-008	73.999916076660156
7.0773440903229999e-008	74.049919128417969
5.9721398048284912e-008	74.099922180175781
1.9286204111283186e-008	74.149925231933594
5.5218977678783288e-008	74.199928283691406
1.8999946502456365e-008	74.249931335449219
1.0226872016156995e-007	74.299934387207031
7.4845172377576935e-008	74.349937438964844
2.047575701880334e-008	74.399940490722656
3.908283694470795e-008	74.449943542480469
9.566024416995222e-008	74.499946594238281
8.5826907787732209e-008	74.549949645996094
4.2064803688760976e-008	74.599952697753906
4.1026164263158498e-008	74.649955749511719
6.0665526757750566e-009	74.699958801269531
4.773043029298637e-008	74.749961853027344
2.1559837637998292e-008	74.799964904785156
3.8508177941761304e-008	74.849967956542969
5.4596513538805006e-008	74.899971008300781
3.7212149840559624e-008	74.949974060058594
2.8606944487871544e-008	74.999977111816406
2.000439600537577e-008	75.049980163574219
5.4054924043815941e-008	75.099983215332031
5.4220831471646906e-008	75.149986267089844
1.3351132450659579e-008	75.199989318847656
1.0595025203621555e-007	75.249992370605469
8.1015299268868441e-008	75.299995422363281
9.8705639941051207e-008	75.349998474121094
6.0832712418835022e-009	75.400001525878906
3.2541329045465819e-008	75.450004577636719
5.899127571767084e-008	75.500007629394531
1.7768038164811965e-008	75.550010681152344
5.2969772144460811e-008	75.600013732910156
2.0516347796215065e-008	75.650016784667969
1.1927162317432271e-008	75.700019836425781
7.4582066102776013e-008	75.750022888183594
5.0892481727466783e-008	75.800025939941406
6.976262846027838e-008	75.850028991699219
5.4830610636306328e-008	75.900032043457031
6.1118566797966415e-009	75.950035095214844
5.8992471281961682e-011	76.000038146972656
4.0008989382656277e-008	76.050041198730469
7.2645293625626215e-008	76.100044250488281
3.4845155728633291e-008	76.150047302246094
1.0242878970842238e-008	76.200050354003906
2.1556710913178064e-008	76.250053405761719
7.5361553777380544e-008	76.300056457519531
1.4588893109730701e-008	76.350059509277344
8.1686754529171383e-008	76.400062561035156
3.4237707252417858e-008	76.450065612792969
2.9271756705769094e-008	76.500068664550781
9.4226809968873908e-009	76.550071716308594
2.8075436645642855e-008	76.600074768066406
1.8773980551123343e-009	76.650077819824219
4.4336773364450906e-008	76.700080871582031
5.6827357476421623e-008	76.750083923339844
1.9049008115287435e-009	76.800086975097656
2.3122645809365598e-008	76.850090026855469
1.0639482681786941e-008	76.900093078613281
7.4260993610974692e-008	76.950096130371094
7.0494543149199222e-008	77.000099182128906
3.3049788153785502e-008	77.050102233886719
7.1683046718452091e-008	77.100105285644531
7.663539617910843e-008	77.150108337402344
1.4257553273855783e-008	77.200111389160156
2.7931112282818018e-008	77.250114440917969
7.9462609321862057e-009	77.300117492675781
4.5681981714623608e-008	77.350120544433594
5.2703516228595046e-008	77.400123596191406
7.7934985780627144e-009	77.450126647949219
3.8873149998369682e-008	77.500129699707031
2.684863625275208e-009	77.550132751464844
4.2461126553193498e-008	77.600135803222656
4.8606209268659113e-008	77.650138854980469
2.1135045384895773e-008	77.700141906738281
3.5982672013290318e-008	77.750144958496094
5.8687514553310257e-008	77.800148010253906
1.5343095653516966e-009	77.850151062011719
1.1587149861347653e-008	77.900154113769531
2.1637027647227503e-008	77.950157165527344
1.0595539770134669e-008	78.000160217285156
9.2388636231117477e-009	78.050163269042969
5.0149644681612344e-008	78.100166320800781
1.8352229941655932e-008	78.150169372558594
6.4805239772967854e-008	78.200172424316406
5.0097280596117916e-009	78.250175476074219
2.1029136954398413e-008	78.300178527832031
7.9279936396539717e-008	78.350181579589844
2.8193171472528071e-008	78.400184631347656
1.9345078012599758e-008	78.450187683105469
5.2717137659174799e-008	78.500190734863281
8.6079453590260761e-008	78.550193786621094
5.2380597366299555e-008	78.600196838378906
1.8691562964004153e-008	78.650199890136719
2.7205300363077524e-008	78.700202941894531
7.7903381272796435e-008	78.750205993652344
1.9393607030673762e-008	78.800209045410156
3.0753954570175684e-009	78.850212097167969
6.2426849541893022e-008	78.900215148925781
2.0876127004717515e-008	78.950218200683594
2.8511962463927785e-008	79.000221252441406
6.0045238956476604e-009	79.050224304199219
7.033933728303193e-009	79.100227355957031
8.3673209733758677e-008	79.150230407714844
1.7756285426480244e-008	79.200233459472656
1.0303505626209134e-007	79.250236511230469
2.9781134263042988e-008	79.300239562988281
1.1425956483788157e-008	79.350242614746094
2.6524184544245359e-008	79.400245666503906
3.3926717869671454e-008	79.450248718261719
2.7483249011685966e-008	79.500251770019531
2.1041632186593582e-008	79.550254821777344
5.6685205911379986e-008	79.600257873535156
5.8894463323014357e-008	79.650260925292969
2.7683791886279416e-008	79.700263977050781
3.8547310830838704e-008	79.750267028808594
4.9407718996470699e-008	79.800270080566406
6.544882061712921e-009	79.850273132324219
1.2965893026729497e-008	79.900276184082031
9.2431757862820754e-010	79.950279235839844
2.7224635815520575e-008	80.000282287597656
5.5365558843873222e-008	80.050285339355469
1.6736209018701679e-008	80.100288391113281
5.3511474021337191e-008	80.150291442871094
5.6904646722030259e-008	80.200294494628906
2.6929971962077178e-008	80.250297546386719
3.6398335003688984e-008	80.300300598144531
5.099288934363273e-008	80.350303649902344
1.050066351702706e-007	80.400306701660156
1.6979756992138858e-008	80.450309753417969
4.2965580660298637e-009	80.500312805175781
6.6925039962300362e-008	80.550315856933594
1.2429238640818746e-008	80.600318908691406
5.881252239791379e-008	80.650321960449219
9.6709775827915905e-008	80.700325012207031
2.6011095404902608e-008	80.750328063964844
7.2527262672561864e-008	80.800331115722656
1.047567337883426e-008	80.850334167480469
2.3675319359034351e-008	80.900337219238281
7.879350640844677e-008	80.950340270996094
2.5387342171019731e-008	81.000343322753906
1.3906659464161074e-008	81.050346374511719
3.0857706502259823e-008	81.100349426269531
4.2855623393649978e-010	81.150352478027344
7.1884915269499355e-008	81.200355529785156
3.5745320189190741e-008	81.250358581542969
4.1496970804981594e-008	81.300361633300781
1.3983403275122687e-008	81.350364685058594
1.3522476341716212e-008	81.400367736816406
8.4290635774016175e-010	81.450370788574219
5.7062024884625222e-008	81.500373840332031
4.9234561732419987e-009	81.550376892089844
2.7885919217212262e-008	81.600379943847656
9.2682248447544941e-008	81.650382995605469
1.5932596267637002e-008	81.700386047363281
4.7486020792856726e-008	81.750389099121094
1.2586795699415878e-008	81.800392150878906
1.9514277043539953e-008	81.850395202636719
2.6439837240661295e-008	81.900398254394531
1.5534713514645149e-010	81.950401306152344
5.9325402570808759e-008	82.000404357910156
3.1195920988485561e-008	82.050407409667969
8.8497855402577084e-008	82.100410461425781
4.4323458332028857e-009	82.150413513183594
4.648218791033018e-009	82.200416564941406
6.1225123060364481e-008	82.250419616699219
1.421284594721287e-008	82.300422668457031
1.4699280264733199e-008	82.350425720214844
2.6567953526076773e-008	82.400428771972656
4.0248656710732152e-008	82.450431823730469
4.2752800861357447e-008	82.500434875488281
9.2578219328545602e-008	82.550437927246094
1.213300038789078e-009	82.600440979003906
9.2755636657812063e-008	82.650444030761719
4.3134911973999947e-008	82.700447082519531
6.8376299660695892e-008	82.750450134277344
4.7488578978692367e-008	82.800453186035156
9.4288410230822337e-008	82.850456237792969
2.0148020022488446e-008	82.900459289550781
1.2281467365100109e-008	82.950462341308594
3.0095321501261736e-008	83.000465393066406
3.9352620631702428e-008	83.050468444824219
5.9273083730789448e-008	83.100471496582031
6.6428689992179112e-008	83.150474548339844
8.4245135490989091e-008	83.200477600097656
6.8966819544981915e-008	83.250480651855469
2.060722566905037e-008	83.300483703613281
1.3906075816301675e-008	83.350486755371094
7.2067432175842671e-009	83.400489807128906
4.2143258406819765e-008	83.450492858886719
3.0693088105521741e-008	83.500495910644531
4.5861862770858037e-008	83.550498962402344
8.9337549580775705e-008	83.600502014160156
9.9747402432775565e-008	83.650505065917969
7.7104822113454998e-008	83.700508117675781
2.1423181651112666e-008	83.750511169433594
4.0391955299043934e-008	83.800514221191406
2.6319349661572583e-008	83.850517272949219
2.0781290959830802e-008	83.900520324707031
8.1341279563722562e-008	83.950523376464844
3.1799976446821347e-008	84.000526428222656
4.259617321126284e-009	84.050529479980469
4.030952754189308e-008	84.100532531738281
1.033046786422096e-008	84.150535583496094
5.4914671146660158e-008	84.200538635253906
8.0591187257993028e-009	84.250541687011719
2.9477177486932921e-008	84.300544738769531
2.3635796862972256e-008	84.350547790527344
4.3746999605229609e-008	84.400550842285156
3.0869665294513508e-008	84.450553894042969
1.4982999994962896e-008	84.500556945800781
1.3662089918601748e-008	84.550559997558594
8.3805167511036774e-008	84.600563049316406
4.6498293927079362e-008	84.650566101074219
2.3759855456775592e-008	84.700569152832031
5.4892450405806878e-008	84.750572204589844
2.6135414629928813e-008	84.800575256347656
3.8864062121938899e-008	84.850578308105469
5.1589331510095181e-008	84.900581359863281
1.5674364847954739e-009	84.950584411621094
5.4710123701317619e-008	85.000587463378906
4.0934618381586337e-008	85.050590515136719
3.6753019046009573e-009	85.100593566894531
2.6093583086433731e-008	85.150596618652344
2.2937045519935501e-008	85.200599670410156
1.9781341379397436e-008	85.250602722167969
5.8055166572637814e-008	85.300605773925781
6.3414370954087569e-008	85.350608825683594
3.587196783987502e-008	85.400611877441406
2.4559057610827199e-008	85.450614929199219
1.0675752908194018e-008	85.500617980957031
2.9683325717159119e-008	85.550621032714844
2.5593007187485136e-008	85.600624084472656
1.5097648634834132e-008	85.650627136230469
4.6050426298481896e-009	85.700630187988281
6.8364882515026961e-008	85.750633239746094
7.8632818727795188e-009	85.800636291503906
6.4389026625382871e-008	85.850639343261719
2.9544813790657036e-008	85.900642395019531
3.8143069825172527e-008	85.950645446777344
4.2589065268699804e-008	86.000648498535156
1.6264437415092836e-008	86.050651550292969
4.2893245260469792e-008	86.100654602050781
4.6308789156224371e-008	86.150657653808594
2.8493732031207719e-008	86.200660705566406
5.2009061669200268e-008	86.250663757324219
3.1447752525156581e-008	86.300666809082031
3.3384264491342267e-008	86.350669860839844
8.7388050844638429e-009	86.400672912597656
9.737771033768732e-008	86.450675964355469
1.0354304100247601e-008	86.500679016113281
3.0131837402763921e-008	86.550682067871094
3.6275329442759389e-008	86.600685119628906
4.5486576078064826e-008	86.650688171386719
2.0372158564696646e-008	86.700691223144531
3.6536454265245174e-008	86.750694274902344
5.4131005786964542e-008	86.800697326660156
3.3003033564277415e-009	86.850700378417969
2.794490876177252e-008	86.900703430175781
5.2583161230233485e-008	86.950706481933594
1.1688177247090518e-008	87.000709533691406
2.919628505704495e-008	87.050712585449219
7.7909845619918858e-008	87.100715637207031
4.5506294205149936e-008	87.150718688964844
1.3111062812790002e-008	87.200721740722656
2.194328609459595e-008	87.250724792480469
3.077324391968943e-008	87.300727844238281
8.0809515159320619e-008	87.350730895996094
2.4170023248012271e-008	87.400733947753906
8.7430555788826502e-009	87.450736999511719
6.6799672238304923e-009	87.500740051269531
1.9088452078783617e-008	87.550743103027344
6.1758161523503781e-008	87.600746154785156
5.1876996094010351e-009	87.650749206542969
3.4464778498847567e-008	87.700752258300781
7.3627026477864784e-008	87.750755310058594
3.1416925591490779e-008	87.800758361816406
1.126243614143577e-008	87.850761413574219
5.3930940957751564e-008	87.900764465332031
3.1220683031278101e-008	87.950767517089844
8.5161910093301354e-009	88.000770568847656
5.9628246691174943e-008	88.050773620605469
4.5384296439656646e-008	88.100776672363281
3.1143955090802183e-008	88.150779724121094
1.5756031046178958e-008	88.200782775878906
8.490266431440987e-008	88.250785827636719
7.911683568352989e-008	88.300788879394531
4.0681610245804668e-008	88.350791931152344
7.6001540253885838e-008	88.400794982910156
7.8669937195665192e-008	88.450798034667969
4.8699158828463215e-008	88.500801086425781
1.3898464150119443e-008	88.550804138183594
2.7720399420144818e-009	88.600807189941406
2.427460394109538e-008	88.650810241699219
2.7917985189401276e-008	88.700813293457031
4.7479470668951783e-008	88.750816345214844
3.4422156975752778e-008	88.800819396972656
2.1368120713439237e-008	88.850822448730469
4.9364407238467176e-008	88.900825500488281
4.4752057256781152e-008	88.950828552246094
7.543321735438904e-009	89.000831604003906
2.9656102401949669e-008	89.050834655761719
2.5819721598676987e-008	89.100837707519531
5.1622395200155852e-008	89.150840759277344
2.2866415440077888e-008	89.200843811035156
3.5128752780717616e-008	89.250846862792969
4.7388031322378609e-008	89.300849914550781
2.707519476033548e-008	89.350852966308594
4.7763229052116269e-008	89.400856018066406
6.8446113123497353e-008	89.450859069824219
5.6566951777629106e-008	89.500862121582031
1.2137886577693208e-008	89.550865173339844
4.1244104400916406e-008	89.600868225097656
3.7798319949686205e-008	89.650871276855469
1.8126486308189291e-009	89.700874328613281
3.9332795700500452e-008	89.750877380371094
4.4310967751567422e-008	89.800880432128906
1.6759254077306013e-008	89.850883483886719
1.0785643562514504e-008	89.900886535644531
2.6161896742392612e-009	89.950889587402344
8.9466171445139465e-008	90.000892639160156
3.5615245509489855e-008	90.050895690917969
9.2142788630438197e-008	90.100898742675781
8.0116180503321021e-009	90.150901794433594
2.6835802399316192e-009	90.200904846191406
2.7533500315547103e-008	90.250907897949219
5.7743144817027251e-008	90.300910949707031
5.5456792172287505e-008	90.350914001464844
2.0686423551972703e-008	90.400917053222656
5.9294728488128566e-008	90.450920104980469
6.5416953218791202e-008	90.500923156738281
3.9065053029982094e-008	90.550926208496094
1.2719610641766327e-008	90.600929260253906
2.7250123822096534e-008	90.650932312011719
4.1777080098600488e-008	90.700935363769531
8.6129837430322157e-009	90.750938415527344
4.6769321206943556e-008	90.800941467285156
3.7240487717068633e-008	90.850944519042969
2.7713979592573674e-008	90.900947570800781
1.4251097672994069e-008	90.950950622558594
1.7065581685460619e-008	91.000953674316406
1.5941641160215511e-008	91.050956726074219
1.7611071144058534e-008	91.100959777832031
2.2089162459428783e-008	91.150962829589844
2.9358583768416098e-008	91.200965881347656
3.6626238741162534e-008	91.250968933105469
8.4696942599823465e-008	91.300971984863281
2.7137411981852235e-008	91.350975036621094
1.1599253017368695e-007	91.400978088378906
9.923314195203239e-008	91.450981140136719
5.008023659905603e-008	91.500984191894531
7.4112995201696496e-008	91.550987243652344
6.5750199614618989e-008	91.600990295410156
2.5003591353280434e-008	91.650993347167969
1.573317847105635e-008	91.700996398925781
1.5699704400608848e-008	91.750999450683594
5.7463381198436237e-008	91.801002502441406
2.5117807676316582e-008	91.851005554199219
3.3525711282259008e-008	91.901008605957031
4.1931591200078949e-008	91.951011657714844
1.7976915040113934e-008	92.001014709472656
6.711363482946028e-008	92.051017761230469
2.1539835506513473e-008	92.101020812988281
6.831104807152346e-008	92.151023864746094
2.0395040259697623e-008	92.201026916503906
2.7509484319349646e-008	92.251029968261719
7.0681132206251131e-008	92.301033020019531
6.3483765924970575e-008	92.351036071777344
2.3960608419651012e-008	92.401039123535156
4.7876758311754269e-008	92.451042175292969
4.6690053150647209e-008	92.501045227050781
2.7494560663674601e-008	92.551048278808594
3.5952183016018239e-008	92.601051330566406
7.8886006114386073e-008	92.651054382324219
1.6856115549312969e-008	92.701057434082031
3.3351372358597068e-008	92.751060485839844
2.170450935785809e-008	92.801063537597656
3.801243645893152e-009	92.851066589355469
5.4746133070051132e-008	92.901069641113281
8.0656948293801943e-009	92.951072692871094
3.8603664671849684e-008	93.001075744628906
6.0560898935692822e-008	93.051078796386719
2.22517706601858e-008	93.101081848144531
1.6048284751159333e-008	93.151084899902344
9.1431780808578529e-008	93.201087951660156
9.3747269740223994e-008	93.251091003417969
6.3803789128509558e-008	93.301094055175781
1.6127631695731423e-009	93.351097106933594
1.2287510289868986e-008	93.401100158691406
2.2959737838607157e-008	93.451103210449219
7.4220147582299129e-008	93.501106262207031
2.0403744763271728e-008	93.551109313964844
3.9416769563800288e-008	93.601112365722656
9.9001686034778843e-008	93.651115417480469
5.3544937246094488e-008	93.701118469238281
8.0988720331058286e-009	93.751121520996094
3.2255468264512351e-009	93.801124572753906
7.1127351484340548e-008	93.851127624511719
3.4034874946659387e-008	93.901130676269531
3.749889295852875e-008	93.951133728027344
4.0962099500609569e-008	94.001136779785156
1.2222909131657189e-008	94.051139831542969
5.6221827419465955e-008	94.101142883300781
4.7064809558293465e-009	94.151145935058594
7.9808220454588739e-008	94.201148986816406
5.9410752991121314e-008	94.251152038574219
7.9532682212121759e-008	94.301155090332031
9.9649918468652797e-008	94.351158142089844
8.7587192055148552e-008	94.401161193847656
2.9316268295683441e-008	94.451164245605469
8.6541001918246235e-010	94.501167297363281
1.0023392966839174e-007	94.551170349121094
8.3041770441154657e-009	94.601173400878906
4.4178848931031377e-008	94.651176452636719
7.4153946216205861e-009	94.701179504394531
2.8095942115733388e-009	94.751182556152344
7.4408088719307197e-008	94.801185607910156
1.4720004777902631e-008	94.851188659667969
5.9779826437017531e-008	94.901191711425781
3.202697846546431e-008	94.951194763183594
5.1233205738429224e-008	95.001197814941406
2.1359694435462114e-009	95.051200866699219
2.3369718768386613e-008	95.101203918457031
1.2479179354044788e-008	95.151206970214844
1.5911522392597992e-009	95.201210021972656
3.1131136039684181e-008	95.251213073730469
6.0664313620623691e-008	95.301216125488281
5.8086105832638435e-008	95.351219177246094
4.9104846445099991e-008	95.401222229003906
1.1262936981094987e-008	95.451225280761719
9.9066047625701207e-008	95.501228332519531
2.1512389027973691e-010	95.551231384277344
7.843131294760943e-008	95.601234436035156
1.999379248827245e-008	95.651237487792969
3.4032189690596054e-008	95.701240539550781
4.8067370163357188e-008	95.751243591308594
3.0027886548291262e-008	95.801246643066406
5.2362394457447226e-008	95.851249694824219
7.4691795988748325e-008	95.901252746582031
6.4955642163418663e-008	95.951255798339844
4.9247922034059083e-008	96.001258850097656
1.8616280124008915e-008	96.051261901855469
1.2008374413024481e-008	96.101264953613281
1.05802091391074e-008	96.151268005371094
2.2889821595857686e-008	96.201271057128906
1.6019358601655845e-008	96.251274108886719
2.2884786520237605e-008	96.301277160644531
2.9748653693980697e-008	96.351280212402344
4.5833404089844269e-009	96.401283264160156
1.9738464669807185e-008	96.451286315917969
3.7440359004044697e-008	96.501289367675781
5.0038400007254317e-008	96.551292419433594
1.1570227378706677e-009	96.601295471191406
5.6602118451438462e-008	96.651298522949219
2.4274788442044892e-008	96.701301574707031
7.1447979597131793e-008	96.751304626464844
3.087047330490823e-008	96.801307678222656
9.6978686243984082e-009	96.851310729980469
9.4273119771212588e-008	96.901313781738281
1.0268788114148077e-008	96.951316833496094
6.1694640867151199e-008	97.001319885253906
1.0166127491242443e-007	97.051322937011719
3.740941826298877e-008	97.101325988769531
1.3423036328191998e-008	97.151329040527344
9.3628109127609757e-008	97.201332092285156
3.767461392077161e-008	97.251335144042969
1.8266315546596953e-008	97.301338195800781
7.0189216379292139e-008	97.351341247558594
4.965367422925593e-008	97.401344299316406
6.833691682481497e-009	97.451347351074219
3.1360122163780137e-008	97.501350402832031
2.3936365170502432e-008	97.551353454589844
8.866579817332551e-008	97.601356506347656
4.9299745747819911e-008	97.651359558105469
2.1991492728980198e-008	97.701362609863281
2.1139458264348334e-008	97.751365661621094
5.1831686586283757e-008	97.801368713378906
2.0751999308609274e-008	97.851371765136719
2.9862726697736938e-008	97.901374816894531
3.8971424286350362e-008	97.951377868652344
1.616546559365329e-008	98.001380920410156
6.635417979340086e-009	98.051383972167969
1.0734370405453035e-008	98.101387023925781
2.8100298012793002e-008	98.151390075683594
1.3563923767934478e-008	98.201393127441406
7.1077903851625734e-008	98.251396179199219
9.6687760496448712e-008	98.301399230957031
1.8372957641569957e-008	98.351402282714844
1.2098682282226265e-008	98.401405334472656
2.6054978609424436e-008	98.451408386230469
7.8070445489619199e-009	98.501411437988281
4.1661575752122171e-008	98.551414489746094
1.1768226548761489e-008	98.601417541503906
8.5731532872649182e-008	98.651420593261719
4.7998674281029015e-008	98.701423645019531
6.6062750228642813e-008	98.751426696777344
2.7532372185715399e-008	98.801429748535156
2.2796397277474837e-008	98.851432800292969
7.3114081909448732e-008	98.901435852050781
1.9639276710214422e-008	98.951438903808594
6.2620043591474825e-009	99.001441955566406
7.1123281925803618e-009	99.051445007324219
5.1428367319447137e-008	99.101448059082031
7.8124580864319624e-008	99.151451110839844
1.0904911417817794e-009	99.201454162597656
6.78501545920153e-008	99.251457214355469
3.0893470172336227e-008	99.301460266113281
6.5817567652449288e-008	99.351463317871094
2.9450013412606719e-009	99.401466369628906
7.2021405090228114e-008	99.451469421386719
4.3315066438963789e-008	99.501472473144531
1.7188775146144871e-008	99.551475524902344
9.7787754512133017e-008	99.601478576660156
5.494347171889928e-009	99.651481628417969
1.4961171898037879e-008	99.701484680175781
3.6397708972616533e-008	99.751487731933594
5.5958961335591862e-008	99.801490783691406
4.3732975847959622e-008	99.851493835449219
3.1509649373759792e-008	99.901496887207031
1.2487095499923895e-008	99.951499938964844
The average relative error for LG2 is 3.0874459161655722e-008
The max realtive error for LG2 is 0.62414073777900636
